NB + CUSUM: 
	Classifier Error-rate: 24.07%,
	Classifier Average Memory Usage (bytes): 31838.40,
	Classifier Average Runtime (ms): 72.64,
	Classifier Total Runtime (ms): 21962.54,
	Detection Delay: 313.12 TP: 100 FP: 0 FN: 0,
	Average Detection Memory Usage (bytes): 880.00,
	Average Detection Runtime (ms): 6.64,
	Total Detection Runtime (ms): 670.59,
	Drift Points detected: [5215, 10283, 15581, 20114, 25277, 30312, 35357, 40113, 45286, 50298, 55270, 60103, 65366, 70231, 75938, 80128, 85525, 90202, 95636, 100138, 105332, 110358, 115630, 120121, 125305, 130376, 135402, 140061, 145311, 150233, 155718, 160146, 165166, 170234, 175610, 180058, 185186, 190238, 195717, 200109, 205299, 210261, 215411, 220144, 225582, 230400, 235367, 240130, 245372, 250298, 255353, 260136, 265365, 270228, 275340, 280137, 285212, 290256, 295572, 300112, 305224, 310370, 315631, 320117, 325424, 330229, 335471, 340121, 345375, 350363, 355372, 360142, 365318, 370391, 375427, 380071, 385363, 390300, 395536, 400138, 405203, 410350, 415709, 420117, 425298, 430314, 435372, 440108, 445180, 450265, 455480, 460126, 465332, 470291, 475531, 480153, 485288, 490294, 495751, 500108],
	kappa: 0.5185193786213552