NB + FHDDM: 
	Classifier Error-rate: 24.73%,
	Classifier Average Memory Usage (bytes): 31831.38,
	Classifier Average Runtime (ms): 71.21,
	Classifier Total Runtime (ms): 73755.72,
	Detection Delay: 122.67 TP: 96 FP: 7 FN: 4,
	Average Detection Memory Usage (bytes): 1760.00,
	Average Detection Runtime (ms): 6.86,
	Total Detection Runtime (ms): 713.83,
	Drift Points detected: [5066, 10043, 15130, 20033, 25236, 27033, 30100, 35059, 40045, 45088, 50073, 54883, 60026, 65096, 70067, 75117, 80024, 85088, 90063, 95550, 100060, 105115, 110108, 115237, 120044, 125074, 130095, 135114, 140024, 145093, 150073, 155405, 160050, 165063, 170081, 175212, 180043, 185055, 190167, 195079, 200024, 205094, 210119, 215166, 220046, 226206, 230136, 235068, 240042, 245082, 250034, 251920, 255699, 260045, 265110, 270048, 275042, 280049, 285220, 290108, 295200, 300063, 305149, 310380, 320035, 321442, 326750, 330079, 335175, 340046, 345107, 350091, 355211, 360029, 365114, 370087, 373094, 375296, 380061, 385271, 390145, 395283, 400055, 405125, 410090, 415078, 420044, 425180, 430067, 435043, 440045, 445084, 450029, 455157, 460051, 465172, 470067, 475337, 480051, 485090, 490082, 495840, 500039],
	kappa: 0.5053582516261805