NB + RDDM: 
	Classifier Error-rate: 24.58%,
	Classifier Average Memory Usage (bytes): 31791.71,
	Classifier Average Runtime (ms): 66.73,
	Classifier Total Runtime (ms): 36750.54,
	Detection Delay: 219.93 TP: 99 FP: 6 FN: 1,
	Average Detection Memory Usage (bytes): 62366.86,
	Average Detection Runtime (ms): 10.89,
	Total Detection Runtime (ms): 1229.53,
	Drift Points detected: [557, 5164, 10238, 15389, 20067, 25236, 30239, 35284, 40079, 40348, 40658, 45190, 50199, 55137, 60065, 65293, 70135, 75728, 80084, 80283, 85145, 90139, 95493, 100088, 105275, 110219, 115445, 120102, 125227, 130224, 131676, 135149, 138966, 140033, 140239, 145187, 150151, 155466, 160094, 165095, 170177, 173081, 174187, 180086, 185113, 190195, 195463, 200072, 205381, 210168, 215302, 220139, 225359, 230245, 235169, 240095, 245229, 250195, 255187, 260096, 265280, 270156, 275165, 280101, 285167, 290189, 295389, 300078, 305169, 310271, 315456, 320078, 321471, 325386, 330190, 335403, 340082, 345230, 350303, 355561, 360100, 365248, 370378, 375328, 380050, 385273, 390223, 395268, 400099, 405073, 410203, 415512, 420076, 425243, 425494, 430174, 435242, 440073, 445086, 450184, 455378, 460092, 460341, 465244, 470190, 475419, 480113, 485229, 490224, 495592, 500075, 500708],
	kappa: 0.5083225863975529