NB + SeqDrift2: 
	Classifier Error-rate: 24.86%,
	Classifier Average Memory Usage (bytes): 31783.36,
	Classifier Average Runtime (ms): 74.82,
	Classifier Total Runtime (ms): 66429.61,
	Detection Delay: 278.08 TP: 83 FP: 6 FN: 17,
	Average Detection Memory Usage (bytes): 10264.00,
	Average Detection Runtime (ms): 19.43,
	Total Detection Runtime (ms): 1962.22,
	Drift Points detected: [5200, 10201, 20202, 25203, 30204, 35405, 40206, 40607, 41408, 45209, 50210, 50611, 55212, 60213, 65414, 70215, 80216, 80617, 85218, 90219, 100220, 105221, 110222, 120223, 125424, 130225, 135226, 135627, 136028, 140229, 145430, 150231, 152032, 160233, 165234, 170235, 180236, 185237, 190238, 195839, 200240, 205241, 210242, 215643, 216044, 220245, 230246, 235247, 240248, 250449, 255250, 260251, 260652, 265253, 270254, 280255, 285456, 285857, 290258, 300259, 305260, 310261, 320262, 320863, 330264, 340265, 345266, 350267, 360268, 365269, 370270, 375471, 380272, 385273, 390274, 400275, 400676, 405277, 410478, 415879, 420080, 425281, 425682, 430283, 435284, 440085, 445286, 445687, 446088, 450289, 455290, 460091, 465292, 470293, 471694, 480295, 480696, 485297, 490298, 500099],
	kappa: 0.5027304761747451