NB + ADWIN: 
	Classifier Error-rate: 21.41%,
	Classifier Average Memory Usage (bytes): 71188.59,
	Classifier Average Runtime (ms): 96.33,
	Classifier Total Runtime (ms): 13616.28,
	Detection Delay: 338.42 TP: 19 FP: 111 FN: 11,
	Average Detection Memory Usage (bytes): 3998.41,
	Average Detection Runtime (ms): 17.43,
	Total Detection Runtime (ms): 2471.19,
	Drift Points detected: [1537, 2466, 3683, 4836, 7205, 7590, 9255, 9672, 10089, 10474, 10859, 11372, 12717, 13294, 14319, 14800, 15569, 16786, 17203, 18580, 18901, 19542, 20119, 21624, 22713, 23578, 24219, 25180, 25725, 26206, 27295, 28384, 28929, 29442, 29795, 30244, 33477, 34086, 38631, 46888, 47145, 48394, 49483, 55756, 56557, 56846, 57327, 57904, 58641, 59250, 59763, 60244, 61109, 61750, 62071, 65752, 66233, 70010, 70427, 71516, 72349, 72766, 73311, 74720, 75681, 76290, 78051, 79076, 80709, 81318, 81671, 85096, 85705, 87114, 87851, 89196, 90253, 92654, 93519, 94704, 96177, 98322, 99283, 99892, 101141, 101974, 102935, 103672, 104281, 104986, 105243, 106396, 107325, 107646, 109919, 110336, 111201, 112546, 114371, 114788, 115173, 116390, 116903, 117544, 118569, 119050, 119339, 121036, 122093, 122638, 123247, 124432, 125649, 128530, 129395, 130100, 130741, 131702, 132375, 132792, 133337, 134938, 135227, 136220, 139421, 141758, 142783, 143488, 144545, 144866, 146115, 147460, 147781, 148102, 148839, 149128],
	kappa: 0.5717800027867347