NB + ADWIN: 
	Classifier Error-rate: 19.56%,
	Classifier Average Memory Usage (bytes): 32121.48,
	Classifier Average Runtime (ms): 47.27,
	Classifier Total Runtime (ms): 4974.54,
	Detection Delay: 196.73 TP: 30 FP: 43 FN: 0,
	Average Detection Memory Usage (bytes): 6780.82,
	Average Detection Runtime (ms): 31.26,
	Total Detection Runtime (ms): 109035.96,
	Drift Points detected: [513, 5154, 5699, 6820, 7845, 9670, 10247, 10600, 11689, 12490, 15147, 15628, 20173, 20590, 21007, 21648, 23441, 25202, 25747, 27412, 29685, 30294, 30711, 35128, 35641, 36794, 37563, 37916, 38653, 40158, 40671, 42880, 43521, 45218, 45571, 46180, 50213, 50630, 52711, 54088, 55209, 55562, 56811, 59980, 60813, 65102, 65647, 67728, 70161, 70546, 72755, 75156, 75605, 76726, 80151, 80760, 85209, 85658, 86747, 88956, 89565, 90238, 90559, 91488, 92321, 93666, 95107, 95588, 96005, 96614, 97927, 100200, 100649, 105162, 105611, 106156, 106733, 110126, 110703, 115152, 115569, 115890, 120147, 120660, 122421, 125110, 125559, 130104, 130713, 131226, 131771, 135196, 135773, 137854, 140191, 140640, 142273, 144258, 144739, 145316, 145733, 150118, 150599],
	kappa: 0.6088581522308183