NB + EWMA: 
	Classifier Error-rate: 20.38%,
	Classifier Average Memory Usage (bytes): 32065.70,
	Classifier Average Runtime (ms): 43.05,
	Classifier Total Runtime (ms): 5701.79,
	Detection Delay: 96.70 TP: 30 FP: 92 FN: 0,
	Average Detection Memory Usage (bytes): 975.76,
	Average Detection Runtime (ms): 9.01,
	Total Detection Runtime (ms): 35069.05,
	Drift Points detected: [1183, 2065, 3584, 5068, 5205, 7557, 8311, 9498, 10100, 13764, 14523, 15034, 17534, 18048, 18644, 20023, 20183, 21927, 23951, 25084, 25264, 27813, 28627, 29045, 30024, 30307, 31928, 32311, 33388, 33543, 34999, 35361, 38096, 39135, 39369, 39824, 40021, 42094, 43155, 43584, 43634, 43806, 44228, 44932, 45185, 47708, 48778, 48808, 49208, 50204, 52378, 52542, 53348, 54252, 55119, 55232, 58358, 59233, 59570, 60130, 62932, 63869, 64943, 65025, 67753, 69268, 70073, 73529, 74440, 75090, 75254, 79709, 80124, 82835, 84835, 85214, 89198, 89365, 90041, 94073, 94756, 95005, 99536, 100066, 100190, 102640, 103213, 104582, 104671, 105023, 108021, 108278, 108753, 109188, 109689, 110149, 115084, 115247, 116885, 117615, 117809, 118835, 119107, 120024, 120272, 123577, 124986, 125181, 129757, 130040, 130247, 133213, 133894, 135110, 137662, 138763, 139121, 140133, 141990, 142259, 143195, 143455, 144350, 145112, 146604, 148189, 150054, 152021, 152156, 153853, 154291, 154458],
	kappa: 0.5924370084475735