NB + EWMA: 
	Classifier Error-rate: 16.03%,
	Classifier Average Memory Usage (bytes): 32030.88,
	Classifier Average Runtime (ms): 24.51,
	Classifier Total Runtime (ms): 5075.08,
	Detection Delay: 78.52 TP: 27 FP: 157 FN: 3,
	Average Detection Memory Usage (bytes): 975.38,
	Average Detection Runtime (ms): 5.63,
	Total Detection Runtime (ms): 1165.39,
	Drift Points detected: [1243, 1825, 2769, 3591, 4192, 4583, 5053, 5484, 6116, 7115, 7633, 8053, 8518, 8951, 9497, 10048, 10727, 11559, 12019, 12609, 14348, 14911, 15078, 16105, 16607, 17534, 18111, 19272, 19731, 20043, 20741, 21531, 21716, 21926, 22377, 24872, 25306, 25944, 26893, 27013, 27730, 28503, 29070, 29560, 30211, 30592, 31243, 31924, 32709, 33388, 34177, 34339, 34709, 35027, 35407, 36114, 36250, 37056, 37499, 39369, 39424, 40033, 41655, 42093, 42959, 43635, 44201, 45055, 45439, 45710, 46738, 47692, 48572, 49972, 51395, 51697, 52138, 52455, 53316, 54417, 55024, 55212, 57290, 58236, 59223, 60029, 60862, 61297, 63169, 63268, 63399, 63976, 65028, 65396, 66382, 67461, 68749, 68955, 69303, 70036, 70771, 72993, 74214, 74452, 74910, 77815, 79860, 80015, 80987, 81623, 82278, 83120, 83202, 83939, 84351, 85033, 85330, 85693, 87243, 88206, 89052, 90020, 90235, 90778, 91152, 92194, 93937, 94073, 94468, 95030, 95833, 96642, 98012, 99004, 99532, 100033, 101254, 103167, 103247, 104581, 105042, 105885, 106527, 107025, 108020, 108590, 110060, 111215, 111915, 112517, 112740, 113551, 115091, 116884, 117766, 119110, 119384, 120029, 120611, 120677, 121254, 121973, 122806, 123315, 123842, 124511, 125032, 126083, 126609, 127725, 128236, 129995, 132042, 132385, 133201, 134959, 135663, 136086, 137667, 138269, 139646, 140039, 140827, 141326, 141793, 142260, 142485, 143192, 144314, 145019, 145363, 146231, 146713, 147633, 148539, 148631, 150043, 151350, 151691, 152516, 152816, 152901, 153761, 153962, 154323, 154627, 154885],
	kappa: 0.67939768954175