NB + ADWIN: 
	Classifier Error-rate: 14.30%,
	Classifier Average Memory Usage (bytes): 17717.39,
	Classifier Average Runtime (ms): 115.56,
	Classifier Total Runtime (ms): 17130.39,
	Detection Delay: 94.37 TP: 99 FP: 33 FN: 1,
	Average Detection Memory Usage (bytes): 3790.42,
	Average Detection Runtime (ms): 72.77,
	Total Detection Runtime (ms): 10781.69,
	Drift Points detected: [5089, 5410, 10051, 15332, 20037, 25126, 30055, 35080, 40041, 45066, 50059, 55116, 60045, 65070, 70063, 75120, 80049, 85074, 90099, 95412, 100053, 105078, 106519, 107576, 110105, 110490, 115259, 115516, 116253, 120030, 125055, 130080, 135137, 135426, 140035, 145060, 146565, 146918, 147271, 150056, 151785, 152266, 155339, 155628, 156589, 158350, 160047, 161232, 162161, 163474, 163955, 165076, 165397, 170070, 170551, 171384, 175225, 180026, 185051, 190108, 195069, 200030, 205055, 206432, 210049, 215170, 220035, 225092, 230117, 235078, 240039, 245064, 250057, 255114, 260043, 261036, 261165, 262830, 265039, 270064, 271281, 275122, 280051, 285108, 290069, 295286, 297111, 300024, 305145, 310074, 315099, 316060, 316701, 320030, 321247, 325088, 330049, 330658, 335331, 340036, 345093, 350086, 355207, 360040, 365097, 370058, 371051, 371372, 375149, 375630, 380047, 385136, 386033, 386258, 390067, 390580, 395253, 400054, 405111, 405496, 410105, 415098, 420027, 420508, 425085, 427102, 427263, 430048, 435137, 435714, 440035, 445028, 450053, 455142, 460039, 460872, 465129, 470058, 475051, 480044, 481869, 483854, 484751, 490064, 490705, 495250, 500051],
	kappa: 0.7139591018150534