NB + CUSUM: 
	Classifier Error-rate: 14.51%,
	Classifier Average Memory Usage (bytes): 17786.88,
	Classifier Average Runtime (ms): 153.91,
	Classifier Total Runtime (ms): 66278.37,
	Detection Delay: 229.29 TP: 100 FP: 0 FN: 0,
	Average Detection Memory Usage (bytes): 528.00,
	Average Detection Runtime (ms): 13.64,
	Total Detection Runtime (ms): 1374.06,
	Drift Points detected: [5120, 10240, 15479, 20096, 25245, 30234, 35353, 40097, 45185, 50199, 55327, 60093, 65280, 70211, 75511, 80102, 85191, 90177, 95551, 100097, 105200, 110223, 115486, 120097, 125193, 130221, 135394, 140081, 145219, 150175, 155421, 160100, 165143, 170194, 175392, 180088, 185163, 190212, 195383, 200091, 205191, 210195, 215383, 220103, 225285, 230245, 235276, 240107, 245203, 250198, 255242, 260097, 265279, 270180, 275411, 280115, 285269, 290235, 295507, 300091, 305240, 310205, 315449, 320089, 325281, 330210, 335437, 340077, 345127, 350256, 355348, 360084, 365231, 370227, 375291, 380116, 385296, 390174, 395309, 400113, 405218, 410276, 415527, 420089, 425264, 430179, 435269, 440085, 445126, 450201, 455433, 460092, 465244, 470133, 475295, 480099, 485216, 490142, 495512, 500093],
	kappa: 0.70985328831785