NB + DDM: 
	Classifier Error-rate: 14.52%,
	Classifier Average Memory Usage (bytes): 17771.08,
	Classifier Average Runtime (ms): 152.15,
	Classifier Total Runtime (ms): 32982.11,
	Detection Delay: 233.87 TP: 100 FP: 1 FN: 0,
	Average Detection Memory Usage (bytes): 560.00,
	Average Detection Runtime (ms): 16.74,
	Total Detection Runtime (ms): 1774.00,
	Drift Points detected: [602, 5110, 10219, 15538, 20088, 25242, 30209, 35357, 40182, 45178, 50175, 55341, 60083, 65244, 70155, 75562, 80092, 85280, 90158, 95583, 100090, 105187, 110188, 115511, 120088, 125186, 130202, 135427, 140077, 145221, 145311, 150149, 155416, 160087, 165110, 170148, 175478, 180085, 185173, 190194, 195375, 200084, 205202, 210169, 215482, 220094, 225285, 230402, 235322, 240106, 245204, 245275, 250159, 255234, 260090, 265267, 270166, 275438, 280103, 285215, 290209, 295748, 300075, 305238, 310179, 315458, 320079, 325268, 330183, 335451, 340067, 345109, 350282, 355349, 360085, 365231, 370196, 375310, 380119, 385285, 390127, 395348, 400107, 405197, 410276, 410343, 415528, 420083, 425250, 430164, 435333, 440101, 445121, 450186, 455664, 460073, 465239, 470125, 475319, 480090, 485207, 490104, 495529, 500085],
	kappa: 0.7096096297545806