NB + EWMA: 
	Classifier Error-rate: 14.89%,
	Classifier Average Memory Usage (bytes): 17583.51,
	Classifier Average Runtime (ms): 19.88,
	Classifier Total Runtime (ms): 109529.78,
	Detection Delay: 95.07 TP: 89 FP: 552 FN: 11,
	Average Detection Memory Usage (bytes): 575.96,
	Average Detection Runtime (ms): 3.79,
	Total Detection Runtime (ms): 2708.74,
	Drift Points detected: [1217, 1809, 2279, 2564, 4082, 5053, 5804, 6539, 6907, 8172, 8721, 8936, 9375, 9697, 10013, 10196, 11690, 12423, 13818, 14339, 15042, 16140, 17175, 17911, 18127, 18375, 19499, 19806, 20022, 20182, 20990, 21465, 22400, 24090, 24361, 24439, 25029, 25188, 25892, 26940, 30011, 31039, 31738, 32580, 33207, 34283, 34984, 36162, 36661, 37133, 37680, 38670, 39057, 39782, 39940, 40018, 40348, 40865, 40930, 41215, 41493, 42394, 43716, 44193, 44540, 44923, 47048, 47254, 47503, 48593, 48935, 49143, 49823, 50028, 50456, 51942, 52293, 53450, 53830, 54839, 55051, 55416, 55891, 56913, 57436, 58421, 58997, 59882, 60235, 61339, 61503, 63065, 63448, 64185, 64456, 65007, 65720, 66262, 66473, 66879, 67477, 67959, 70010, 70460, 70570, 71613, 71691, 71961, 72716, 73633, 74104, 74164, 74344, 74607, 75026, 75939, 76653, 77051, 78035, 78722, 79577, 79740, 79867, 80016, 81373, 82073, 82395, 82690, 82949, 84397, 85033, 85333, 86399, 87228, 87728, 89057, 89285, 90029, 90393, 91303, 92921, 93246, 94035, 94808, 94975, 96075, 97055, 98225, 98416, 99225, 99661, 100009, 100994, 101494, 102214, 103513, 104281, 105009, 105222, 106234, 106607, 107892, 109473, 109650, 110107, 112936, 113288, 113908, 114305, 114675, 115446, 116264, 117107, 117194, 117307, 117569, 117960, 118334, 118567, 118733, 118948, 119635, 119861, 120020, 120746, 121880, 122316, 122682, 123098, 123885, 125009, 125398, 125722, 126852, 127626, 128584, 129056, 129946, 130099, 130555, 131960, 132748, 133006, 135094, 135808, 136383, 136845, 137277, 139772, 140016, 141539, 142806, 143679, 145011, 145272, 145957, 146277, 146939, 147564, 148642, 148998, 149739, 150012, 150641, 151034, 151685, 152079, 152251, 152745, 153026, 155035, 155791, 156494, 156776, 157492, 158456, 160009, 161547, 162494, 163291, 163706, 164375, 164764, 165027, 165356, 165752, 166718, 167487, 167900, 168332, 169053, 169770, 170033, 171474, 171770, 172683, 172940, 173484, 173806, 174958, 176321, 177244, 177687, 177887, 178781, 179954, 180437, 180673, 181215, 181607, 182122, 182658, 183164, 183741, 185007, 186643, 187141, 187516, 187711, 188591, 190048, 190535, 191541, 192390, 192782, 194173, 194832, 195031, 195584, 197164, 197726, 198565, 199084, 199559, 200009, 200580, 201950, 203192, 203493, 205031, 205424, 206563, 206683, 207381, 207899, 209150, 210022, 210925, 211972, 212199, 212932, 214024, 214733, 215026, 216290, 218009, 218404, 218928, 220007, 220607, 220897, 221543, 222488, 222701, 223146, 223301, 225024, 225958, 226365, 227589, 227902, 228022, 229220, 230069, 231182, 232579, 233186, 234024, 234566, 235047, 235741, 237730, 238629, 238980, 240004, 241090, 241160, 241451, 242619, 242840, 243188, 243505, 244235, 244723, 245318, 246237, 248611, 249208, 249960, 251015, 251382, 251869, 252374, 252679, 253868, 254396, 255031, 255700, 257393, 258099, 258570, 259058, 260010, 260330, 261187, 261488, 262168, 262537, 264089, 264994, 266146, 266308, 267753, 268207, 268865, 269836, 270288, 271091, 271534, 271784, 273457, 274764, 276347, 276704, 277516, 278206, 279128, 280004, 281547, 282390, 283461, 283964, 284915, 286162, 287271, 287488, 288153, 289137, 290013, 290069, 291546, 292031, 292749, 293000, 293211, 293532, 293826, 294265, 295151, 296048, 296761, 297872, 298421, 299159, 299507, 300012, 301203, 302312, 303118, 303268, 303671, 303994, 305028, 305081, 305716, 306349, 307466, 308118, 308276, 309372, 310005, 311011, 311409, 311824, 312892, 313374, 313912, 314853, 315848, 316992, 317393, 318650, 320005, 320296, 320923, 321426, 321975, 322789, 322930, 323454, 324784, 325878, 326348, 326897, 327599, 328348, 328855, 329503, 330023, 330697, 331382, 331794, 332740, 333102, 333938, 334840, 337243, 338426, 339525, 340008, 341156, 341272, 341509, 342556, 343028, 343402, 344422, 344782, 344909, 345110, 345395, 346306, 347076, 347982, 349185, 349463, 350017, 351018, 352365, 352903, 353148, 353978, 354584, 355025, 355514, 355970, 356829, 358682, 359322, 360007, 361388, 362441, 363990, 364174, 364540, 364655, 365035, 365250, 366602, 366999, 367382, 368124, 368745, 369489, 370015, 370087, 370142, 370628, 371299, 372096, 372617, 373009, 373423, 374282, 374456, 374704, 375029, 375796, 376066, 377107, 377412, 378239, 378927, 380010, 380638, 381726, 382061, 382463, 383946, 384917, 385025, 386571, 387393, 388093, 388915, 389826, 391279, 392885, 394089, 394663, 395807, 396261, 397195, 397971, 399030, 399379, 400009, 400402, 402592, 403667, 403819, 404413, 405010, 406242, 407075, 408391, 409853, 410021, 410208, 411189, 411692, 412867, 413111, 413251, 413578, 414192, 415046, 415523, 416411, 417029, 417666, 418772, 419195, 419539, 420009, 421240, 421909, 422107, 423464, 424355, 424423, 425011, 425656, 427633, 427883, 428013, 428792, 429868, 430909, 432549, 433428, 434055, 434680, 435072, 436038, 436750, 438116, 438414, 439135, 439391, 440004, 440773, 442658, 443106, 443911, 444596, 444778, 445877, 446061, 446379, 447874, 448535, 449156, 449753, 450006, 451174, 451634, 451972, 452741, 453239, 453540, 454326, 455028, 455762, 456632, 457408, 458670, 460012, 460207, 460879, 461918, 462742, 463003, 463875, 465101, 465848, 466629, 468076, 468998, 469242, 469414, 469692, 470044, 470248, 471418, 473197, 474437, 475024, 476002, 476808, 477060, 477897, 478656, 479029, 479978, 483033, 483505, 484524, 485091, 485550, 486180, 486342, 486488, 487458, 488044, 488362, 489394, 490041, 490646, 491541, 492014, 492969, 494520, 494674, 495114, 495168, 496247, 497282, 497773, 498286, 498539, 499204, 499306, 499569, 500009, 500150, 500288, 501028, 501480, 502150, 502949, 503228, 503779, 504578],
	kappa: 0.7022646784626966