NB + EDDM: 
	Classifier Error-rate: 14.77%,
	Classifier Average Memory Usage (bytes): 17645.01,
	Classifier Average Runtime (ms): 80.02,
	Classifier Total Runtime (ms): 80837.19,
	Detection Delay: 391.75 TP: 93 FP: 48 FN: 7,
	Average Detection Memory Usage (bytes): 888.00,
	Average Detection Runtime (ms): 3.43,
	Total Detection Runtime (ms): 629.05,
	Drift Points detected: [289, 415, 5317, 10499, 11054, 11137, 11298, 11584, 11772, 16333, 16503, 16799, 20127, 25493, 30499, 36613, 36696, 40156, 45566, 50282, 55953, 60241, 65629, 65807, 70429, 70585, 76293, 80229, 85493, 90350, 96206, 100168, 105407, 106237, 110273, 111000, 115752, 120274, 125431, 130427, 130566, 134186, 134361, 134785, 135017, 135148, 140178, 140320, 140524, 145279, 150384, 155050, 155217, 155790, 160180, 165252, 170428, 170607, 170742, 172455, 175693, 176972, 177496, 180140, 181155, 183077, 183173, 183344, 183895, 185109, 185242, 190519, 195922, 196023, 200133, 200237, 200443, 205624, 205803, 205972, 206669, 210305, 215554, 215670, 220290, 220439, 220695, 225698, 225851, 226560, 230381, 235765, 240250, 240755, 245181, 245275, 245416, 250451, 255497, 260285, 261933, 262135, 262262, 262394, 262550, 265330, 270437, 275345, 275468, 280232, 285300, 290512, 292606, 292782, 295633, 300015, 300136, 305619, 305768, 310311, 316215, 316368, 316989, 317392, 320091, 320273, 325409, 330248, 336720, 340160, 345511, 345684, 350425, 356005, 360135, 365320, 370547, 375281, 380145, 380304, 380433, 385376, 390322, 390530, 395736, 400272, 405600, 410506, 410692, 410858, 410975, 415940, 420254, 420609, 420738, 421336, 422459, 423207, 425248, 425421, 430375, 435755, 435867, 440201, 445268, 446355, 450308, 455733, 460103, 460311, 465349, 470291, 475839, 476571, 476808, 480196, 480810, 485888, 490277, 495848, 500182, 500305],
	kappa: 0.7045771067403376