NB + RDDM: 
	Classifier Error-rate: 14.69%,
	Classifier Average Memory Usage (bytes): 17767.11,
	Classifier Average Runtime (ms): 135.19,
	Classifier Total Runtime (ms): 95465.22,
	Detection Delay: 127.01 TP: 98 FP: 6 FN: 2,
	Average Detection Memory Usage (bytes): 32295.70,
	Average Detection Runtime (ms): 21.50,
	Total Detection Runtime (ms): 2345.72,
	Drift Points detected: [330, 5058, 10108, 15324, 20042, 25111, 27194, 30079, 35264, 40056, 45059, 50079, 55138, 60046, 65097, 70103, 70604, 75265, 80058, 85151, 85332, 90103, 95431, 100074, 105111, 110123, 115331, 120059, 125065, 130096, 135312, 140048, 145158, 150098, 155239, 160058, 165043, 170094, 175327, 180057, 185081, 190111, 195272, 200046, 205071, 210116, 215232, 220057, 225155, 230178, 235133, 240062, 245049, 250054, 255090, 260104, 265120, 270082, 275272, 280074, 285077, 290144, 295230, 300056, 305161, 310108, 315175, 320047, 325113, 330095, 335271, 340036, 344629, 350142, 355243, 357211, 360024, 365138, 370096, 375206, 380071, 385213, 390047, 395202, 400075, 405090, 410137, 410364, 415149, 420052, 425164, 430065, 435180, 440055, 444944, 450102, 452757, 455143, 460052, 465171, 470058, 475156, 480110, 485124, 485580, 490055, 495335, 500055],
	kappa: 0.7061270423009907