NB + SeqDrift2: 
	Classifier Error-rate: 15.03%,
	Classifier Average Memory Usage (bytes): 17735.49,
	Classifier Average Runtime (ms): 112.90,
	Classifier Total Runtime (ms): 152452.73,
	Detection Delay: 237.90 TP: 100 FP: 8 FN: 0,
	Average Detection Memory Usage (bytes): 6424.00,
	Average Detection Runtime (ms): 33.53,
	Total Detection Runtime (ms): 4226.60,
	Drift Points detected: [5200, 10201, 15402, 20203, 25204, 30205, 35206, 40207, 45208, 50209, 55210, 60211, 65212, 70213, 75214, 80215, 85216, 90217, 95618, 100219, 105220, 110221, 115422, 120223, 125224, 125625, 126026, 126427, 130228, 135229, 140230, 145231, 150232, 155433, 160234, 160635, 165236, 170237, 175238, 175639, 176040, 180241, 185242, 190243, 195244, 195645, 200046, 200447, 200848, 205249, 210250, 215251, 220252, 225253, 230254, 235255, 235656, 236057, 240058, 245259, 250060, 255261, 260062, 265263, 270264, 270865, 275466, 280067, 285268, 290269, 295870, 300071, 305272, 310073, 310474, 315275, 320076, 320877, 325278, 325679, 326080, 330281, 330682, 335283, 340084, 345285, 350286, 355287, 360088, 365289, 370090, 375291, 375692, 380093, 385294, 390295, 395296, 400097, 405298, 410299, 415700, 420101, 420502, 425303, 425704, 426105, 430106, 435307, 440108, 440509, 445310, 445711, 446112, 450113, 455514, 460115, 465316, 470117, 475118, 480119, 485120, 490121, 495522, 496123, 500124],
	kappa: 0.6994614599232792