NB + EWMA: 
	Classifier Error-rate: 13.37%,
	Classifier Average Memory Usage (bytes): 31375.83,
	Classifier Average Runtime (ms): 35.46,
	Classifier Total Runtime (ms): 51502.78,
	Detection Delay: 51.91 TP: 58 FP: 224 FN: 42,
	Average Detection Memory Usage (bytes): 959.94,
	Average Detection Runtime (ms): 4.92,
	Total Detection Runtime (ms): 1388.55,
	Drift Points detected: [163, 839, 1997, 2443, 3061, 3668, 4336, 5054, 5619, 5763, 6214, 6606, 6995, 7743, 8153, 8958, 10030, 10368, 10672, 11016, 11603, 12181, 12594, 14168, 15013, 16446, 17020, 17272, 17987, 18409, 19023, 19628, 20543, 21060, 23521, 24558, 25026, 26222, 26373, 27057, 27392, 28717, 29026, 29990, 30420, 31034, 31554, 32404, 32527, 33651, 34570, 35093, 35865, 36459, 37125, 37553, 39101, 39360, 40468, 41124, 41849, 43014, 43625, 44174, 44681, 45156, 45317, 45759, 46513, 48018, 48528, 49144, 49325, 49857, 51033, 51648, 52141, 53069, 53362, 53895, 55026, 55753, 56986, 57556, 58008, 59081, 59809, 61019, 61892, 63065, 64141, 64973, 66012, 67025, 67574, 68653, 69107, 69265, 69553, 71559, 72426, 72718, 74057, 75015, 75219, 75524, 76393, 76923, 77069, 77753, 78478, 78911, 79352, 80928, 81247, 82082, 82241, 83039, 83553, 83745, 84700, 85068, 86326, 86653, 87035, 87894, 88502, 90603, 91013, 91773, 91984, 92677, 92872, 93536, 94295, 94353, 94634, 94827, 95922, 96680, 97365, 98647, 99004, 99283, 99597, 100484, 101022, 101671, 102086, 102887, 104274, 104712, 104996, 105731, 106080, 106866, 107042, 107797, 108585, 109045, 109902, 110755, 111208, 111660, 112031, 112555, 112979, 113797, 116280, 117012, 118531, 119024, 119350, 120366, 120743, 121311, 122416, 122977, 123875, 124605, 124985, 126192, 126760, 127062, 128697, 128968, 129533, 130164, 131122, 132324, 132703, 133731, 133820, 134500, 135262, 135773, 136211, 136900, 137286, 137530, 139011, 139852, 141042, 141571, 141898, 143051, 143744, 143800, 144498, 145024, 145872, 146912, 147751, 148599, 148979, 150604, 152107, 152488, 153027, 153268, 155648, 156819, 157552, 158208, 158697, 159055, 159343, 160780, 161657, 162025, 163107, 164000, 164768, 165024, 165898, 167065, 168037, 169048, 169332, 170813, 172207, 173245, 173717, 174090, 175020, 176179, 177045, 178629, 179014, 179712, 180341, 180503, 180705, 181032, 182090, 182327, 183461, 184014, 184149, 184718, 185018, 186040, 186471, 187144, 188158, 188706, 189234, 189713, 190353, 190757, 191510, 194402, 194780, 195590, 196198, 197039, 197773, 198180, 198699, 199101, 199628, 199787],
	kappa: 0.7325855622488949