NB + EWMA: 
	Classifier Error-rate: 16.56%,
	Classifier Average Memory Usage (bytes): 31368.61,
	Classifier Average Runtime (ms): 24.18,
	Classifier Total Runtime (ms): 52911.02,
	Detection Delay: 22.92 TP: 84 FP: 254 FN: 16,
	Average Detection Memory Usage (bytes): 959.86,
	Average Detection Runtime (ms): 4.02,
	Total Detection Runtime (ms): 1388.02,
	Drift Points detected: [204, 839, 2038, 2443, 3015, 3668, 4025, 4336, 5007, 6042, 7008, 7813, 8323, 8371, 8572, 9011, 9189, 9749, 9789, 10015, 10672, 11010, 11512, 12037, 12181, 12594, 13015, 14168, 15020, 16209, 16447, 17024, 17973, 18709, 19020, 20028, 21020, 22020, 22071, 22932, 23073, 23949, 24511, 25024, 25687, 26915, 27056, 27685, 28033, 28803, 29006, 29673, 30168, 31008, 32061, 32526, 32863, 33945, 35069, 35510, 35866, 36936, 37553, 37900, 38574, 39015, 39359, 40009, 40466, 41007, 41847, 42018, 42264, 42790, 43047, 43625, 44211, 44681, 45032, 45752, 46516, 47008, 47461, 48138, 48528, 49010, 49818, 50375, 51026, 52058, 52431, 53005, 53341, 54093, 54964, 56127, 57005, 57196, 58008, 58544, 59015, 59809, 60024, 60373, 61099, 61889, 62080, 63012, 63425, 64149, 64973, 66012, 67007, 67574, 67904, 67999, 69025, 69555, 70121, 71008, 71559, 72017, 72763, 73038, 73820, 74132, 75011, 76095, 76515, 77013, 77569, 78107, 78388, 78478, 78911, 80119, 80775, 81258, 81521, 82092, 83037, 83553, 83861, 84818, 84940, 85741, 86206, 86326, 86653, 87028, 88081, 88346, 89033, 89831, 90507, 90902, 91010, 92106, 93011, 93265, 93430, 94012, 94633, 95016, 95124, 96058, 97028, 97109, 97574, 98013, 98652, 99028, 100034, 100885, 101009, 101747, 102085, 102505, 102888, 103015, 104529, 105021, 105730, 106378, 107008, 107320, 107977, 108470, 109012, 110147, 110755, 111008, 111660, 112099, 112186, 113012, 113560, 113797, 115132, 115958, 117012, 117607, 118244, 118623, 119016, 120003, 120354, 120775, 121042, 121594, 122490, 123008, 123875, 124177, 124677, 124985, 126192, 126762, 128096, 129019, 129533, 130053, 130449, 130753, 131031, 131678, 132371, 132703, 133026, 133731, 133819, 135086, 135956, 136900, 137010, 137530, 138008, 139007, 139852, 140055, 141008, 141898, 143040, 143400, 143636, 144489, 145017, 145984, 146156, 146317, 146912, 147748, 148973, 150034, 150605, 150845, 151568, 152080, 153013, 154270, 154481, 154732, 154932, 156019, 157002, 157552, 158130, 158697, 159022, 159430, 160017, 160779, 161019, 161330, 162023, 163009, 163096, 163256, 163614, 164029, 164768, 165028, 165218, 165896, 167058, 168149, 168234, 169019, 170140, 171027, 171277, 171781, 172072, 172732, 173009, 173683, 174067, 175009, 175637, 176062, 176782, 178235, 178629, 178820, 179020, 180037, 180705, 180962, 181227, 182011, 182327, 183006, 183461, 184256, 184477, 184718, 185013, 185774, 186824, 187008, 187553, 188158, 188706, 188917, 189017, 190061, 190757, 191016, 191620, 192097, 192282, 192796, 193012, 193544, 195075, 195590, 196315, 196445, 197030, 197417, 198009, 198701, 199014],
	kappa: 0.6688835090401245