NB + FHDDM: 
	Classifier Error-rate: 14.69%,
	Classifier Average Memory Usage (bytes): 241725.39,
	Classifier Average Runtime (ms): 417.63,
	Classifier Total Runtime (ms): 1835524.43,
	Detection Delay: 71.46 TP: 161 FP: 275 FN: 205,
	Average Detection Memory Usage (bytes): 984.00,
	Average Detection Runtime (ms): 1.49,
	Total Detection Runtime (ms): 656.88,
	Drift Points detected: [166, 889, 1066, 2282, 2983, 4797, 6388, 6593, 8975, 9817, 10605, 11426, 11696, 11969, 13024, 13909, 14914, 16118, 16699, 16871, 18162, 19845, 23207, 23456, 23726, 23999, 26787, 27117, 27461, 27835, 28207, 28579, 28952, 29318, 29684, 30041, 30417, 30794, 31181, 31568, 31946, 32334, 32728, 33112, 33500, 33906, 34348, 34707, 35528, 35966, 36307, 43349, 43732, 44038, 45318, 57942, 58247, 61433, 61728, 61991, 62246, 65186, 67074, 70748, 71038, 71359, 71656, 71964, 72262, 72557, 72870, 73138, 73413, 73704, 73998, 74270, 74558, 74854, 75801, 76117, 76379, 76633, 76965, 77270, 77560, 77834, 78102, 78383, 78661, 78938, 79209, 79499, 79800, 80081, 80361, 82695, 83535, 83820, 84140, 84428, 84722, 85019, 85305, 85596, 85881, 86148, 86449, 86723, 87001, 87353, 87691, 87974, 89806, 90083, 90350, 91192, 98928, 103922, 111373, 116404, 117199, 117926, 120297, 120712, 121027, 121389, 122154, 123677, 124391, 124748, 125083, 125439, 125800, 126224, 126561, 126894, 127255, 127630, 128381, 128759, 133846, 134162, 140848, 141108, 141485, 141820, 142180, 142520, 143248, 143571, 143927, 144281, 144631, 144986, 145336, 145682, 146051, 146358, 146684, 147002, 147351, 147627, 147940, 148231, 151478, 156338, 156517, 156760, 158241, 158477, 158732, 158975, 160383, 160583, 160824, 161082, 161579, 161812, 162060, 162269, 162501, 162724, 162956, 163194, 163422, 163670, 163915, 164182, 164712, 164941, 165202, 165453, 165725, 165953, 166318, 167121, 167301, 167684, 167879, 169157, 169752, 171239, 171533, 171825, 175163, 175718, 177137, 177626, 179894, 180126, 183862, 185353, 185672, 185939, 186205, 186472, 189182, 191005, 192733, 193021, 193343, 193993, 194605, 195215, 196002, 196285, 196584, 196893, 197179, 197469, 197772, 198048, 198335, 201304, 201594, 202474, 202731, 202991, 203256, 203492, 204232, 204485, 204741, 204997, 205259, 205786, 206058, 208771, 213753, 214067, 214378, 214689, 214994, 216457, 216744, 217038, 217941, 218163, 221146, 221517, 221944, 222303, 222722, 222971, 223155, 223400, 223856, 224307, 225760, 226222, 226696, 227138, 227617, 228105, 228583, 229117, 229554, 230006, 230474, 230949, 233843, 235205, 235488, 236142, 236445, 237109, 237331, 237583, 237862, 238053, 238334, 238570, 238800, 239037, 239222, 239514, 239754, 240138, 240595, 241059, 241518, 241986, 242472, 243171, 243468, 243984, 244472, 244977, 245557, 246053, 246552, 247350, 247828, 248369, 248950, 249599, 250117, 250718, 251340, 251535, 251755, 252108, 252358, 252604, 252786, 253014, 253254, 253623, 253875, 254195, 254471, 254797, 255413, 255826, 256047, 256394, 256638, 256944, 257527, 258106, 258668, 259230, 260943, 261460, 261983, 262478, 263335, 264367, 264828, 265275, 267417, 267788, 268269, 268774, 268954, 269260, 269443, 269776, 269956, 270279, 270789, 271003, 271293, 271573, 271794, 272067, 272306, 272588, 272833, 273065, 273355, 273611, 273915, 274190, 274482, 274770, 275048, 275338, 275604, 275891, 276183, 276472, 276766, 276998, 277352, 277588, 277935, 278352, 278524, 279103, 279413, 279661, 279902, 280246, 280499, 280826, 281064, 281405, 281635, 281982, 282216, 282555, 282881, 283115, 283452, 283674, 284001, 284251, 284569, 284824, 285164, 285402, 285741, 285971, 286228, 286544, 286797, 287122, 287363, 287681, 287951, 288242, 288652, 289046, 289317, 290035, 290323, 290782, 291274, 291735, 292155, 292642, 293119, 293584, 294055, 294338, 294808, 295058, 295744, 296001, 296462],
	kappa: 0.7492270361393223