NB + SeqDrift2: 
	Classifier Error-rate: 14.66%,
	Classifier Average Memory Usage (bytes): 243002.11,
	Classifier Average Runtime (ms): 1234.14,
	Classifier Total Runtime (ms): 1651814.29,
	Detection Delay: 87.85 TP: 39 FP: 112 FN: 327,
	Average Detection Memory Usage (bytes): 6424.00,
	Average Detection Runtime (ms): 14.80,
	Total Detection Runtime (ms): 2259.59,
	Drift Points detected: [400, 1001, 1402, 2403, 3604, 5605, 7006, 9007, 10008, 10809, 11210, 13611, 15412, 19813, 23214, 26615, 27216, 27617, 28018, 29619, 30020, 33221, 33622, 34023, 34424, 34825, 35226, 35627, 36028, 36429, 36830, 37431, 41432, 41833, 42234, 42635, 43036, 43437, 43838, 44239, 44640, 45041, 46442, 46843, 47244, 47645, 48046, 48447, 52448, 54849, 57450, 61451, 64052, 65853, 70054, 70855, 71256, 73257, 73658, 74259, 74860, 76461, 79462, 85463, 87464, 88465, 89866, 90667, 96268, 97469, 105270, 116471, 117272, 117673, 120674, 121075, 126076, 131277, 131678, 132279, 134280, 142281, 142682, 143483, 143884, 148685, 151486, 159087, 163288, 163689, 165290, 167891, 168492, 172093, 177694, 181295, 183696, 185697, 187298, 197299, 202500, 204701, 206502, 208903, 214504, 216505, 216906, 217307, 222308, 222709, 223110, 223511, 223912, 224713, 230114, 234915, 235316, 236917, 242318, 245919, 246520, 248121, 248722, 250323, 250724, 251125, 251526, 252127, 252728, 258729, 259330, 260731, 261332, 261933, 262334, 263935, 267736, 271537, 271938, 272539, 274140, 274741, 277942, 278543, 284944, 285545, 286146, 286747, 287148, 288149, 290550, 295751],
	kappa: 0.7497607284785406