NB + EWMA: 
	Classifier Error-rate: 13.74%,
	Classifier Average Memory Usage (bytes): 31441.18,
	Classifier Average Runtime (ms): 30.69,
	Classifier Total Runtime (ms): 52826.32,
	Detection Delay: 34.38 TP: 79 FP: 228 FN: 21,
	Average Detection Memory Usage (bytes): 959.85,
	Average Detection Runtime (ms): 4.57,
	Total Detection Runtime (ms): 1426.86,
	Drift Points detected: [163, 839, 1778, 2443, 3010, 3667, 3923, 4335, 6042, 7021, 7595, 7782, 8324, 9030, 9489, 10251, 10669, 11016, 12032, 12594, 13013, 14161, 15006, 15280, 16446, 17032, 17365, 17973, 18265, 19018, 19632, 20157, 20603, 21061, 21858, 21950, 22463, 22716, 23070, 23522, 24558, 25035, 25687, 26215, 27038, 27438, 28130, 28803, 29025, 30155, 31010, 31092, 32062, 32323, 32523, 33031, 33945, 34641, 35004, 35614, 35866, 36459, 37018, 37553, 37900, 38662, 38825, 39018, 39360, 40009, 41009, 41698, 41808, 42790, 43015, 43597, 44540, 44681, 44735, 45011, 45461, 45752, 46165, 46513, 47017, 47941, 48489, 48582, 49626, 50011, 50201, 50461, 51010, 51628, 52147, 52529, 53129, 54080, 54964, 56170, 57015, 57195, 58007, 58544, 59017, 59809, 60373, 61012, 61899, 62180, 63007, 64308, 64973, 65186, 65971, 67135, 67545, 68155, 69038, 69627, 70094, 70242, 70380, 71033, 71559, 72299, 72769, 72982, 73228, 74056, 74349, 75028, 76186, 76923, 78253, 78481, 78911, 79043, 81520, 82187, 83014, 83429, 84288, 84439, 84818, 85048, 85421, 86326, 87005, 88238, 89026, 89779, 90508, 91046, 91467, 91854, 92882, 94132, 94356, 94633, 95055, 96285, 97021, 97416, 98506, 99025, 99769, 100766, 101023, 102081, 102887, 104179, 104712, 105017, 105730, 106735, 107012, 107520, 107834, 109010, 109564, 110754, 111660, 111870, 112233, 113019, 113198, 113797, 116198, 117014, 118623, 119036, 119757, 120813, 121138, 121594, 122198, 122416, 123077, 123304, 123874, 124310, 124972, 125446, 126193, 126762, 128697, 129008, 129530, 130375, 131059, 131346, 132109, 132703, 132928, 133189, 133693, 134437, 135009, 135546, 135770, 136309, 136900, 137517, 137992, 138133, 139028, 139852, 141252, 141598, 141913, 142744, 142817, 143014, 144075, 144334, 145032, 145323, 145954, 146912, 147704, 148500, 149011, 149898, 150603, 151030, 152379, 153024, 153523, 155383, 155648, 156445, 157014, 157597, 158127, 158258, 158697, 159342, 160462, 160780, 162025, 163010, 164025, 164768, 165016, 165896, 166204, 167039, 167876, 168036, 169011, 170020, 171007, 171068, 171985, 172732, 173025, 174040, 175018, 176184, 177019, 177823, 178940, 180323, 180704, 181024, 182326, 183013, 183995, 184478, 185010, 185430, 186229, 186313, 187053, 187778, 188035, 188917, 189421, 190283, 191013, 191886, 192439, 193059, 194329, 195056, 196445, 197030, 197995, 198699, 199148],
	kappa: 0.7251795518652053