NB + EWMA: 
	Classifier Error-rate: 16.07%,
	Classifier Average Memory Usage (bytes): 17657.49,
	Classifier Average Runtime (ms): 19.07,
	Classifier Total Runtime (ms): 3994.75,
	Detection Delay: 141.33 TP: 27 FP: 164 FN: 3,
	Average Detection Memory Usage (bytes): 576.00,
	Average Detection Runtime (ms): 3.89,
	Total Detection Runtime (ms): 814.62,
	Drift Points detected: [2385, 3800, 4075, 4679, 5675, 7148, 7898, 9170, 9966, 10290, 10652, 11183, 12119, 12937, 14067, 14562, 14903, 15645, 17138, 18798, 19198, 20022, 20969, 21166, 21708, 22208, 22956, 23278, 23576, 24258, 25069, 26246, 26748, 27069, 27435, 28343, 28886, 30041, 30252, 30615, 31088, 31831, 32238, 32996, 33603, 33669, 33876, 35125, 35380, 35861, 36513, 37588, 38120, 39158, 40032, 40462, 41123, 41235, 41345, 42695, 42954, 43212, 43327, 43924, 44366, 44916, 45084, 45461, 45570, 46393, 46589, 47048, 47455, 48621, 49184, 49695, 50085, 51926, 52763, 53087, 53489, 54140, 54757, 55078, 56276, 56863, 57795, 59249, 59734, 60033, 61301, 61715, 61905, 62278, 62933, 64456, 64835, 64998, 66288, 66957, 67369, 67937, 69240, 70037, 71980, 73633, 73889, 74165, 74373, 74975, 75460, 76334, 76881, 78911, 80005, 80173, 81565, 81814, 82859, 84068, 84482, 85044, 85955, 86350, 87860, 89272, 89796, 90021, 91054, 91734, 91856, 92336, 93278, 93755, 93984, 94848, 95680, 97510, 98414, 98491, 99317, 100038, 100563, 102154, 102937, 102984, 103855, 104411, 105048, 105273, 105886, 107623, 108936, 110022, 110379, 112129, 113231, 114089, 115075, 116307, 117153, 117950, 118251, 118651, 119416, 120019, 121636, 122395, 122572, 122775, 123909, 124243, 124723, 124928, 127055, 128263, 129286, 130096, 131175, 131483, 132063, 133136, 134746, 135025, 136031, 136542, 137274, 137935, 138868, 139673, 140010, 140328, 140760, 141160, 141369, 142295, 143434, 144041, 144556, 145057, 145706, 146182, 147722, 149237, 149495, 151326, 152405, 153225, 154633],
	kappa: 0.6786396174489993