NB + ADWIN: 
	Classifier Error-rate: 30.93%,
	Classifier Average Memory Usage (bytes): 159074.04,
	Classifier Average Runtime (ms): 87.27,
	Classifier Total Runtime (ms): 65828.48,
	Detection Delay: 222.73 TP: 30 FP: 628 FN: 0,
	Average Detection Memory Usage (bytes): 5970.39,
	Average Detection Runtime (ms): 5.18,
	Total Detection Runtime (ms): 3905.13,
	Drift Points detected: [161, 322, 579, 900, 1093, 1286, 1447, 1640, 1865, 2058, 2219, 2412, 2605, 2702, 2927, 3216, 3409, 3570, 3731, 3924, 4021, 4182, 4407, 4568, 4793, 4954, 5179, 5436, 5565, 5694, 5887, 6080, 6337, 6498, 6691, 6820, 7013, 7238, 7399, 7752, 7977, 8202, 8395, 8556, 8781, 9070, 9263, 9392, 9553, 9874, 10163, 10356, 10709, 10966, 11159, 11448, 11737, 11898, 12027, 12220, 12445, 12766, 12991, 13248, 13409, 13602, 13763, 13988, 14149, 14310, 14503, 14696, 14857, 15274, 15499, 15756, 16013, 16238, 16399, 16560, 16785, 17010, 17299, 17524, 17685, 18006, 18199, 18456, 18617, 18810, 19067, 19292, 19517, 19678, 19807, 20512, 20609, 20834, 21059, 21412, 21829, 21990, 22247, 22504, 22825, 22986, 23147, 23404, 23629, 23854, 24015, 24272, 24433, 24626, 24851, 25364, 25557, 25910, 26135, 26392, 26617, 26778, 26939, 27324, 27581, 27710, 27967, 28352, 28513, 28674, 28867, 29252, 29349, 29574, 29703, 29864, 30313, 30474, 30731, 30892, 31021, 31246, 31471, 31696, 31921, 32178, 32339, 32532, 32693, 32822, 32983, 33208, 33369, 33530, 33755, 34012, 34237, 34398, 34591, 34720, 34913, 35170, 35363, 35588, 35781, 36006, 36231, 36488, 36649, 36842, 37035, 37324, 37549, 37774, 38063, 38256, 38449, 38642, 38867, 39156, 39349, 39606, 39735, 39928, 40153, 40378, 40635, 40828, 40957, 41182, 41407, 41632, 41793, 42050, 42435, 42532, 42757, 42950, 43111, 43304, 43465, 43690, 44011, 44172, 44333, 44558, 44751, 45360, 45521, 45778, 45971, 46196, 46357, 46614, 46775, 46936, 47161, 47322, 47579, 47900, 48285, 48542, 48703, 48928, 49057, 49314, 49475, 49668, 49829, 50054, 50311, 50504, 50889, 51050, 51243, 51436, 51597, 51726, 51887, 52016, 52209, 52370, 52531, 52692, 52821, 52982, 53399, 53624, 53945, 54362, 54587, 54716, 54973, 55134, 55359, 55520, 55745, 55938, 56195, 56388, 56645, 56838, 57063, 57224, 57481, 57642, 57771, 57964, 58189, 58446, 58639, 58896, 59121, 59314, 59507, 59668, 59861, 60278, 60887, 61080, 61273, 61594, 61723, 61980, 62205, 62558, 62719, 62880, 63009, 63202, 63459, 63652, 64165, 64326, 64551, 64744, 64937, 65194, 65387, 65548, 65709, 65966, 66095, 66256, 66481, 66642, 66803, 66964, 67221, 67446, 67575, 67800, 68025, 68154, 68347, 68540, 68765, 68958, 69119, 69376, 69537, 69762, 69891, 70244, 70501, 70726, 70919, 71016, 71305, 71498, 71691, 71884, 72077, 72238, 72399, 72688, 72913, 73106, 73363, 73492, 73653, 73814, 73975, 74136, 74297, 74394, 74587, 74780, 74909, 75230, 75391, 75552, 75841, 76130, 76323, 76484, 76645, 76902, 77031, 77192, 77481, 77738, 77931, 78124, 78349, 78574, 78703, 78864, 79057, 79250, 79475, 79764, 79925, 80214, 80471, 80632, 80793, 80954, 81115, 81340, 81565, 81694, 81855, 82048, 82305, 82466, 82563, 82724, 82981, 83206, 83431, 83688, 83881, 84074, 84555, 84844, 85197, 85422, 85583, 85776, 86001, 86226, 86515, 86676, 86869, 87094, 87255, 87480, 87705, 87866, 88027, 88156, 88413, 88734, 88927, 89248, 89537, 89730, 89891, 90212, 90437, 90662, 90855, 91016, 91177, 91370, 91659, 91916, 92077, 92270, 92495, 92720, 92881, 93106, 93299, 93556, 93749, 94006, 94231, 94424, 94745, 94938, 95355, 95516, 95709, 96030, 96191, 96416, 96577, 96738, 97027, 97220, 97477, 97702, 97831, 98088, 98249, 98474, 98603, 98860, 98989, 99118, 99375, 99600, 99793, 99954, 100211, 100596, 100789, 100982, 101175, 101432, 101561, 101722, 101947, 102108, 102333, 102558, 102751, 102944, 103329, 103490, 103651, 103876, 104037, 104294, 104487, 104680, 104937, 105194, 105387, 105644, 105837, 105966, 106383, 106640, 106801, 106930, 107059, 107220, 107413, 107574, 107735, 107896, 108185, 108378, 108635, 108892, 109021, 109214, 109535, 109696, 109953, 110178, 110403, 110500, 110693, 110918, 111047, 111272, 111497, 111850, 112011, 112204, 112397, 112558, 112719, 112880, 113041, 113202, 113363, 113620, 113781, 113942, 114103, 114296, 114521, 114682, 114875, 115324, 115517, 115710, 115903, 116128, 116289, 116482, 116643, 116804, 116965, 117126, 117351, 117544, 117673, 117930, 118123, 118348, 118509, 118702, 118799, 118992, 119153, 119282, 119475, 119668, 119989, 120150, 120343, 120568, 120761, 120986, 121115, 121308, 121565, 121726, 121887, 122080, 122241, 122466, 122787, 122916, 123077, 123238, 123367, 123560, 123817, 124010, 124235, 124396, 124621, 124910, 125167, 125424, 125553, 125810, 126067, 126228, 126389, 126518, 126743, 126872, 127097, 127258, 127451, 127676, 127837, 127966, 128191, 128480, 128641, 128802, 128963, 129092, 129317, 129478, 129703, 129960, 130121, 130378, 130571, 130732, 130989, 131182, 131375, 131568, 131857, 132018, 132147, 132308, 132533, 132854, 133079, 133208, 133369, 133562, 133755, 133916, 134109, 134238, 134463, 134688, 134945, 135234, 135395, 135588, 135845, 135974, 136167, 136520, 136681, 136906, 137131, 137324, 137613, 137902, 138063, 138256, 138353, 138546, 138739, 139060, 139221, 139446, 139703, 139896, 140249, 140474, 140635, 140764, 140989, 141278, 141535, 141664, 141793, 142050, 142275, 142468, 142629, 142854, 143143, 143528, 143753, 143914, 144075, 144332, 144525, 144750, 144911, 145168, 145329, 145490, 145779, 146036, 146165, 146326, 146487, 146744, 147033, 147194, 147387, 147580, 147805, 147998, 148223, 148448, 148897, 149186, 149315, 149508, 149765, 150086, 150279, 150472, 150665, 150922, 151083, 151340, 151501, 151758, 151951, 152112, 152401, 152594, 152915, 153076, 153333, 153526, 153751, 154040, 154201, 154426, 154651, 154908, 155197, 155358, 155519, 155808, 156257, 156642, 156803, 156996, 157221, 157382, 157575, 157736, 158057, 158314, 158475, 158636, 158797, 158926, 159119, 159280, 159697, 159890],
	kappa: 0.6563001043767553