NB + ADWIN: 
	Classifier Error-rate: 20.35%,
	Classifier Average Memory Usage (bytes): 71218.97,
	Classifier Average Runtime (ms): 93.07,
	Classifier Total Runtime (ms): 11596.57,
	Detection Delay: 406.11 TP: 18 FP: 98 FN: 12,
	Average Detection Memory Usage (bytes): 3991.94,
	Average Detection Runtime (ms): 16.84,
	Total Detection Runtime (ms): 2097.57,
	Drift Points detected: [833, 1602, 2595, 4164, 4613, 4934, 5895, 6536, 8009, 8522, 9291, 9612, 10541, 10862, 11439, 13200, 14897, 16114, 16595, 17076, 18133, 18678, 19031, 19512, 19929, 20506, 21307, 21756, 22077, 22558, 25983, 26688, 27329, 27618, 28995, 32036, 33285, 33478, 34439, 35176, 37545, 38730, 40139, 41036, 41677, 42414, 42927, 43984, 44433, 45010, 45587, 45940, 49429, 50070, 50775, 51224, 51897, 52314, 56443, 56860, 57533, 58110, 60447, 60960, 61409, 62434, 62755, 64260, 65061, 65766, 66215, 67880, 68457, 68970, 69323, 70252, 76397, 77166, 77551, 78704, 90449, 95154, 96179, 96788, 97269, 97718, 98263, 99000, 100569, 101370, 101883, 102492, 103485, 104062, 104479, 104768, 107329, 107906, 108483, 109348, 110085, 110630, 111303, 111752, 112393, 112938, 114219, 115980, 116333, 116974, 118223, 119280, 120049, 120402, 121395, 122292, 122677, 123382, 124087, 125944, 126905, 128058, 128731, 129404],
	kappa: 0.5930867312950867