NB + EWMA: 
	Classifier Error-rate: 20.56%,
	Classifier Average Memory Usage (bytes): 38596.35,
	Classifier Average Runtime (ms): 35.85,
	Classifier Total Runtime (ms): 6471.88,
	Detection Delay: 116.80 TP: 30 FP: 129 FN: 0,
	Average Detection Memory Usage (bytes): 975.82,
	Average Detection Runtime (ms): 6.39,
	Total Detection Runtime (ms): 1135.74,
	Drift Points detected: [349, 1105, 1244, 2065, 2970, 4026, 4611, 5106, 9000, 9290, 9711, 10059, 14082, 14114, 14467, 14527, 15065, 15285, 16499, 17534, 18255, 19198, 20095, 23906, 24873, 25318, 26414, 26477, 26894, 27013, 27348, 28531, 29070, 29143, 29893, 29947, 30274, 33389, 33899, 34571, 35024, 38922, 39193, 39527, 40142, 40305, 41385, 42093, 43155, 43408, 44681, 44781, 45030, 45067, 45350, 49297, 50019, 50262, 52007, 52459, 54172, 54575, 54753, 54871, 55257, 57457, 58585, 59009, 59224, 59599, 60129, 62616, 63055, 63630, 63852, 64413, 64944, 65143, 65246, 69303, 69616, 69799, 69966, 70147, 72122, 73019, 73686, 74369, 74940, 75060, 75265, 78351, 78924, 79083, 79801, 80047, 80269, 81345, 81469, 82705, 84592, 84693, 85160, 85279, 86375, 87003, 87801, 88206, 89824, 89890, 90064, 90187, 94212, 94412, 95039, 99008, 99513, 99904, 100195, 100281, 101335, 102085, 102493, 103455, 104297, 104582, 104925, 105111, 107389, 108412, 109332, 110138, 112598, 112710, 112873, 113789, 114886, 115230, 116102, 116885, 117312, 118829, 118935, 119384, 119508, 120156, 121947, 122554, 122870, 123201, 123842, 125026, 125144, 127187, 130066, 130243, 132384, 132463, 133201, 135005, 135287, 136560, 137539, 137864, 139584, 140220, 143193, 143454, 144955, 145024, 148678, 149928, 150155],
	kappa: 0.5888394467950888