NB + EWMA: 
	Classifier Error-rate: 14.80%,
	Classifier Average Memory Usage (bytes): 87688.73,
	Classifier Average Runtime (ms): 407.81,
	Classifier Total Runtime (ms): 493063.04,
	Detection Delay: 66.08 TP: 38 FP: 121 FN: 2,
	Average Detection Memory Usage (bytes): 576.00,
	Average Detection Runtime (ms): 6.62,
	Total Detection Runtime (ms): 1092.46,
	Drift Points detected: [63, 1289, 3277, 5013, 6104, 7625, 9041, 10010, 10640, 12537, 13790, 14909, 15952, 17924, 18472, 19444, 20014, 21180, 22031, 23443, 24657, 25011, 26371, 27195, 28760, 30007, 31220, 32456, 34371, 35010, 36122, 37111, 37306, 38350, 39867, 40036, 41117, 42507, 43568, 45020, 46825, 48672, 49624, 50023, 51625, 53076, 53969, 55015, 55558, 56395, 57068, 58326, 60008, 62422, 63676, 65007, 67245, 67630, 68815, 69872, 72450, 74152, 75009, 76485, 78478, 79281, 80006, 81152, 82724, 84733, 85008, 85916, 87515, 88387, 89530, 90007, 91084, 92293, 93977, 94379, 95010, 95614, 97193, 98185, 98834, 100018, 102170, 103095, 104663, 105314, 107752, 109101, 109855, 110016, 111581, 112329, 114234, 115018, 115927, 117257, 117956, 120012, 121325, 123221, 124514, 125085, 127027, 129022, 130012, 131569, 132729, 134093, 135007, 136055, 136570, 138128, 139326, 140006, 141658, 143689, 144732, 146016, 147174, 148467, 150022, 152404, 154834, 155064, 157249, 160006, 161861, 164331, 165010, 166604, 168168, 169098, 170008, 171219, 172663, 173712, 175004, 175746, 176521, 178158, 179510, 180698, 183554, 184269, 185020, 186540, 188453, 189785, 190011, 191482, 192590, 194123, 195005, 196520, 197803, 198998, 200009, 201277, 202125, 204075, 204922],
	kappa: 0.8355146477955036