NB + SeqDrift2: 
	Classifier Error-rate: 15.12%,
	Classifier Average Memory Usage (bytes): 87057.32,
	Classifier Average Runtime (ms): 154.53,
	Classifier Total Runtime (ms): 696570.79,
	Detection Delay: 343.74 TP: 39 FP: 367 FN: 1,
	Average Detection Memory Usage (bytes): 6424.00,
	Average Detection Runtime (ms): 3.63,
	Total Detection Runtime (ms): 1627.48,
	Drift Points detected: [5200, 5601, 6002, 6403, 6804, 7205, 7606, 8007, 8408, 8809, 9210, 9611, 10012, 10413, 10814, 15215, 15616, 16017, 16418, 16819, 17220, 17621, 18022, 18423, 18824, 19225, 19626, 20027, 20428, 20829, 21230, 21631, 22032, 22433, 22834, 23235, 23636, 24037, 24438, 24839, 25440, 25841, 26242, 26643, 27044, 27445, 27846, 28247, 28648, 29049, 29450, 29851, 30452, 30853, 31254, 31655, 32056, 32457, 32858, 33259, 33660, 34061, 34462, 34863, 35264, 35665, 36066, 36467, 36868, 37269, 37670, 38071, 38472, 38873, 39274, 39675, 40676, 41077, 41478, 41879, 42280, 42681, 43082, 43483, 43884, 44285, 44686, 45087, 45488, 45889, 46290, 46691, 47092, 47493, 47894, 48295, 48696, 49097, 49498, 49899, 50300, 50701, 51102, 51503, 51904, 52305, 52706, 53107, 53508, 53909, 54310, 54711, 55512, 55913, 56314, 56715, 57116, 57517, 57918, 58319, 58720, 59121, 59522, 59923, 60324, 60725, 61126, 61527, 61928, 62329, 62730, 63131, 63532, 63933, 64334, 64735, 65536, 65937, 66338, 66739, 67140, 67541, 67942, 68343, 68744, 69145, 69546, 69947, 70348, 70749, 71150, 71551, 71952, 72353, 72754, 73155, 73556, 73957, 74358, 74759, 75560, 75961, 76362, 76763, 77164, 77565, 77966, 78367, 78768, 79169, 79570, 79971, 80372, 80773, 81174, 81575, 81976, 82377, 82778, 85179, 85580, 86181, 86582, 86983, 87384, 87785, 88186, 88587, 88988, 89389, 89790, 90191, 90592, 90993, 91394, 91795, 92196, 92597, 92998, 93399, 93800, 94201, 94602, 95003, 95404, 95805, 96206, 96607, 97008, 97409, 97810, 98211, 100212, 105213, 105614, 106015, 106416, 106817, 107218, 107619, 108020, 108421, 108822, 109223, 109624, 110025, 110426, 110827, 111228, 111629, 112030, 112431, 112832, 113233, 113634, 114035, 114436, 114837, 115438, 115839, 116240, 116641, 117042, 117443, 117844, 118245, 118846, 119247, 119648, 120849, 121250, 121651, 122052, 122453, 122854, 123255, 123656, 124057, 124458, 124859, 125460, 125861, 126262, 126663, 127064, 127465, 127866, 128267, 128668, 129069, 129470, 129871, 130272, 130673, 131074, 131475, 131876, 132277, 132678, 133079, 133480, 133881, 134282, 134683, 135684, 136085, 136486, 136887, 137288, 137689, 138090, 138491, 138892, 139293, 139694, 140495, 140896, 141297, 141698, 142099, 142500, 142901, 143302, 143703, 144104, 144505, 144906, 145307, 145708, 146109, 146510, 146911, 147312, 147713, 148114, 148515, 148916, 149317, 149718, 150719, 151120, 151521, 151922, 152323, 152724, 153125, 153526, 153927, 154328, 154729, 155530, 155931, 156332, 156733, 157134, 157535, 157936, 158337, 158738, 159139, 159540, 159941, 160342, 160743, 161144, 161545, 161946, 162347, 162748, 163149, 163550, 163951, 164352, 164753, 165154, 165555, 165956, 166357, 166758, 167159, 167560, 167961, 168362, 168763, 169164, 169565, 169966, 170367, 170768, 171169, 171570, 171971, 172372, 172773, 173174, 173575, 173976, 174377, 174778, 175379, 175780, 176181, 176582, 176983, 177384, 177785, 178186, 178587, 178988, 179389, 179790, 180391, 180792, 181193, 181594, 181995, 182396, 182797, 183198, 183599, 184000, 184401, 184802, 186803, 187204, 187605, 188006, 188407, 188808, 189209, 189610, 190011, 190412, 190813, 191214, 191615, 192016, 192417, 192818, 193219, 193620, 194021, 194422, 194823, 195424, 195825, 196226, 196627, 197028, 197429, 197830, 198231, 198632, 199033, 199434, 199835, 200436, 200837, 201238, 201639, 202040, 202441, 202842, 203243, 203644, 204045, 204446, 204847],
	kappa: 0.8319623749087832