NB + RDDM: 
	Classifier Error-rate: 16.58%,
	Classifier Average Memory Usage (bytes): 31548.08,
	Classifier Average Runtime (ms): 98.91,
	Classifier Total Runtime (ms): 85887.09,
	Detection Delay: 47.96 TP: 141 FP: 149 FN: 59,
	Average Detection Memory Usage (bytes): 62367.01,
	Average Detection Runtime (ms): 8.06,
	Total Detection Runtime (ms): 2341.33,
	Drift Points detected: [694, 2196, 3033, 4078, 5051, 6199, 7037, 8262, 9037, 10182, 11034, 12323, 13043, 14484, 15032, 16299, 17043, 18472, 19058, 20098, 21032, 22379, 23037, 24123, 25045, 26155, 27020, 30204, 31084, 32389, 33058, 34247, 35048, 36351, 37037, 38266, 39039, 40152, 40348, 41038, 42217, 43040, 44340, 45045, 46128, 47038, 48219, 49020, 50137, 51083, 52442, 53026, 54140, 55053, 56178, 57044, 58222, 58428, 59022, 60034, 61045, 62240, 63048, 64185, 65035, 66324, 67033, 68063, 69058, 71371, 71621, 73146, 73940, 75079, 76339, 77048, 78268, 78882, 80310, 81036, 82746, 83055, 84340, 85052, 86136, 87055, 88368, 89053, 90411, 91043, 92565, 93032, 94179, 95020, 96504, 97046, 98156, 99030, 100048, 101054, 102311, 103027, 104382, 105058, 106122, 107034, 108016, 109056, 110264, 111033, 112099, 113026, 114014, 115041, 116254, 117021, 118284, 119034, 120270, 121042, 122117, 123052, 124220, 125059, 126852, 128227, 129051, 130409, 131060, 132432, 133049, 134317, 135048, 136183, 137037, 138067, 139026, 147516, 153395, 154273, 155053, 156166, 157031, 158428, 159053, 160234, 161030, 162408, 163039, 164221, 165049, 166226, 167045, 168333, 169034, 169884, 171065, 172330, 173060, 174342, 175037, 176158, 177057, 178239, 179038, 180302, 181041, 182292, 183025, 184668, 185055, 186213, 187028, 188656, 189048, 190114, 191037, 192084, 193041, 194220, 195031, 196289, 197062, 198304, 199031, 200528, 201028, 202480, 203018, 209198, 210059, 211024, 212282, 213041, 214181, 215035, 216267, 217060, 218516, 219014, 220173, 221040, 222330, 223078, 224201, 225110, 226328, 227037, 228352, 229072, 230227, 231072, 232569, 233024, 234190, 235036, 236208, 237033, 238111, 239019, 240158, 241066, 242041, 243038, 244194, 245033, 246124, 247045, 248141, 249037, 250068, 251048, 251861, 253186, 254258, 255054, 256255, 257041, 258549, 259049, 260194, 261038, 262239, 263024, 264187, 265022, 265405, 266082, 267041, 268360, 269057, 270159, 271047, 329936, 331043, 332391, 333034, 334123, 335046, 336096, 337057, 365894, 367173, 368108, 369081, 370110, 371044, 372627, 373042, 374398, 375038, 376182, 377023, 378177, 379039, 380137, 381049, 382104, 383040, 389199, 390207, 391050, 392187, 393027, 394127, 395038, 396236, 397036, 398444, 399050],
	kappa: 0.6684265087264816