NB + ADWIN: 
	Classifier Error-rate: 30.97%,
	Classifier Average Memory Usage (bytes): 86345.13,
	Classifier Average Runtime (ms): 64.53,
	Classifier Total Runtime (ms): 48858.87,
	Detection Delay: 202.47 TP: 30 FP: 622 FN: 0,
	Average Detection Memory Usage (bytes): 3496.78,
	Average Detection Runtime (ms): 3.14,
	Total Detection Runtime (ms): 2379.70,
	Drift Points detected: [257, 450, 611, 932, 1157, 1318, 1479, 1704, 1929, 2122, 2379, 2604, 2861, 3150, 3375, 3664, 3857, 4018, 4243, 4340, 4597, 4854, 5175, 5400, 5657, 5818, 6075, 6300, 6461, 6654, 6847, 7072, 7297, 7490, 7683, 7844, 8069, 8294, 8487, 8712, 8905, 9162, 9323, 9484, 9677, 9806, 9935, 10192, 10513, 10770, 10931, 11220, 11541, 11894, 12023, 12184, 12377, 12538, 12827, 12988, 13181, 13342, 13567, 13792, 14017, 14242, 14467, 14660, 14885, 15206, 15367, 15592, 15785, 15978, 16235, 16460, 16621, 16782, 16943, 17232, 17393, 17618, 17843, 18036, 18229, 18390, 18647, 18840, 19065, 19258, 19579, 19772, 19869, 20414, 20607, 20960, 21153, 21346, 21507, 21668, 21925, 22118, 22343, 22568, 22761, 23018, 23179, 23372, 23629, 23822, 23983, 24208, 24465, 24690, 24915, 25172, 25269, 25430, 25687, 25880, 26105, 26426, 26555, 26748, 26909, 27070, 27231, 27552, 27777, 27938, 28099, 28292, 28645, 28902, 29095, 29352, 29481, 29674, 29803, 30348, 30605, 30862, 31087, 31280, 31505, 31698, 31891, 32084, 32245, 32502, 32695, 32952, 33113, 33402, 33627, 33788, 34045, 34174, 34367, 34528, 34657, 34850, 35235, 35460, 35589, 35974, 36199, 36360, 36553, 36810, 37003, 37196, 37517, 37806, 37999, 38192, 38545, 38962, 39123, 39284, 39509, 39702, 39927, 40216, 40505, 40730, 40891, 41052, 41277, 41438, 41727, 41952, 42145, 42402, 42659, 42916, 43141, 43302, 43495, 43688, 43881, 44138, 44331, 44492, 44813, 44974, 45263, 45488, 45649, 45810, 46067, 46260, 46453, 46646, 46935, 47160, 47289, 47546, 47675, 48060, 48221, 48382, 48703, 48832, 48961, 49122, 49251, 49476, 49829, 50278, 50439, 50568, 50761, 51050, 51307, 51468, 51725, 51854, 52079, 52272, 52593, 52754, 52947, 53044, 53173, 53366, 53559, 53720, 53913, 54170, 54331, 54492, 54813, 54974, 55135, 55360, 55681, 55842, 56003, 56196, 56389, 56550, 56711, 56904, 57161, 57386, 57579, 57868, 58125, 58382, 58639, 58800, 58929, 59122, 59251, 59476, 59669, 59894, 60247, 60408, 60569, 60666, 60827, 60956, 61085, 61246, 61503, 61696, 61857, 62018, 62179, 62532, 62693, 62854, 63015, 63368, 63529, 63946, 64171, 64364, 64525, 64654, 64783, 64944, 65169, 65298, 65587, 65844, 66037, 66294, 66551, 66680, 66873, 67002, 67163, 67548, 67677, 67838, 68127, 68416, 68609, 68738, 68995, 69252, 69381, 69542, 69767, 70056, 70217, 70378, 70571, 70796, 71053, 71246, 71407, 71600, 71761, 72018, 72147, 72404, 72533, 72726, 72887, 73048, 73241, 73370, 73627, 73980, 74205, 74398, 74559, 74784, 75009, 75170, 75395, 75620, 75877, 76006, 76167, 76360, 76617, 76778, 76939, 77196, 77421, 77582, 77807, 77936, 78129, 78258, 78579, 78868, 79061, 79254, 79415, 79576, 79865, 80186, 80379, 80508, 80669, 80862, 81055, 81248, 81377, 81634, 81763, 82116, 82277, 82470, 82631, 82920, 83241, 83402, 83691, 83884, 84045, 84206, 84367, 84560, 84721, 84882, 85235, 85460, 85589, 85782, 85975, 86168, 86297, 86554, 86715, 86972, 87165, 87326, 87679, 87904, 88161, 88386, 88515, 88740, 88869, 89030, 89287, 89448, 89641, 89770, 89931, 90188, 90413, 90606, 90831, 91088, 91249, 91410, 91923, 92372, 92629, 92854, 93015, 93368, 93593, 93818, 94171, 94428, 94589, 94750, 94943, 95168, 95425, 95554, 95715, 95972, 96197, 96454, 96615, 96744, 96937, 97130, 97259, 97516, 97805, 98062, 98255, 98544, 98801, 98994, 99219, 99476, 99605, 99830, 99991, 100120, 100409, 100730, 100859, 101020, 101245, 101374, 101631, 101824, 102017, 102274, 102627, 102948, 103269, 103462, 103655, 103816, 104041, 104266, 104459, 104620, 104877, 105198, 105423, 105648, 105809, 105970, 106163, 106420, 106613, 106838, 107095, 107320, 107545, 107738, 107867, 108060, 108317, 108446, 108575, 108768, 108961, 109154, 109315, 109540, 109765, 109958, 110119, 110312, 110473, 110730, 110987, 111148, 111277, 111374, 111567, 111792, 111921, 112082, 112371, 112532, 112757, 112950, 113271, 113592, 113817, 113978, 114075, 114268, 114429, 114654, 114879, 115296, 115521, 115746, 115939, 116132, 116261, 116390, 116551, 116840, 117097, 117290, 117547, 117708, 117837, 118062, 118255, 118384, 118705, 118930, 119347, 119636, 119829, 120310, 120599, 120824, 120985, 121274, 121435, 121564, 121757, 122014, 122111, 122368, 122593, 122754, 122979, 123140, 123333, 123558, 123719, 123912, 124169, 124394, 124651, 124876, 125293, 125486, 125679, 125840, 126001, 126226, 126483, 126676, 126869, 127158, 127319, 127480, 127641, 127770, 127963, 128156, 128445, 128702, 128863, 129152, 129313, 129538, 129699, 129828, 130085, 130214, 130375, 130504, 130761, 130954, 131147, 131308, 131661, 131918, 132111, 132272, 132529, 132786, 132947, 133140, 133301, 133430, 133559, 133784, 133913, 134298, 134459, 134716, 134941, 135166, 135391, 135616, 135809, 136034, 136195, 136388, 136549, 136742, 136999, 137192, 137481, 137674, 137931, 138156, 138381, 138702, 138831, 139056, 139185, 139378, 139507, 139700, 139957, 140118, 140311, 140472, 140601, 140762, 140955, 141148, 141309, 141502, 141855, 142144, 142273, 142530, 142755, 142916, 143077, 143238, 143591, 143752, 143913, 144106, 144363, 144588, 144877, 145166, 145359, 145552, 145777, 145938, 146163, 146324, 146581, 146806, 147063, 147224, 147449, 147610, 147803, 148060, 148253, 148414, 148575, 148736, 148961, 149090, 149251, 149476, 149669, 149830, 150311, 150472, 150633, 150762, 150891, 151212, 151437, 151630, 151791, 152080, 152305, 152562, 152755, 152916, 153013, 153270, 153463, 153624, 153881, 154042, 154299, 154460, 154589, 154750, 154911, 155264, 155425, 155714, 155939, 156196, 156389, 156582, 156775, 157000, 157161, 157418, 157643, 158060, 158221, 158414, 158735, 158960, 159089, 159314, 159571, 159764, 159957],
	kappa: 0.6558545660038272