NB + ADWIN: 
	Classifier Error-rate: 17.54%,
	Classifier Average Memory Usage (bytes): 38840.47,
	Classifier Average Runtime (ms): 63.95,
	Classifier Total Runtime (ms): 6615.09,
	Detection Delay: 53.80 TP: 30 FP: 62 FN: 0,
	Average Detection Memory Usage (bytes): 6439.14,
	Average Detection Runtime (ms): 32.45,
	Total Detection Runtime (ms): 3338.64,
	Drift Points detected: [993, 2466, 2915, 5028, 7077, 10022, 15047, 16360, 20041, 23498, 24491, 25036, 27405, 29358, 30031, 30864, 35025, 36210, 37427, 38548, 40053, 41110, 42711, 43704, 44345, 45050, 45403, 46236, 47133, 48286, 49503, 50048, 54465, 55042, 55651, 60036, 62053, 63238, 64647, 65032, 66057, 68458, 70027, 70604, 71885, 73966, 75023, 75440, 76689, 80050, 82355, 83508, 84213, 85046, 86935, 88184, 88665, 89786, 90043, 93820, 94557, 95038, 95967, 100032, 101889, 104674, 105059, 106212, 110021, 111718, 115015, 115880, 116809, 117802, 118219, 119724, 120045, 120974, 122415, 125040, 126769, 129010, 130035, 132500, 134101, 134966, 135543, 136440, 136985, 138106, 139099, 140028, 140957, 141310, 141695, 142272, 142817, 145026, 146083, 150052, 150981, 153190],
	kappa: 0.6491957390095223