NB + CUSUM: 
	Classifier Error-rate: 16.41%,
	Classifier Average Memory Usage (bytes): 90837.12,
	Classifier Average Runtime (ms): 1865.78,
	Classifier Total Runtime (ms): 782616.06,
	Detection Delay: 116.78 TP: 100 FP: 0 FN: 0,
	Average Detection Memory Usage (bytes): 528.00,
	Average Detection Runtime (ms): 16.04,
	Total Detection Runtime (ms): 1637.66,
	Drift Points detected: [5135, 10078, 15102, 20114, 25116, 30093, 35114, 40103, 45082, 50082, 55187, 60151, 65124, 70077, 75119, 80150, 85263, 90231, 95108, 100174, 105263, 110141, 115070, 120083, 125144, 130089, 135080, 140078, 145120, 150085, 155064, 160090, 165124, 170090, 175082, 180077, 185092, 190119, 195111, 200123, 205096, 210073, 215100, 220106, 225095, 230099, 235118, 240103, 245140, 250170, 255145, 260121, 265150, 270114, 275092, 280134, 285133, 290083, 295095, 300133, 305126, 310077, 315098, 320092, 325141, 330083, 335100, 340107, 345108, 350093, 355102, 360157, 365120, 370099, 375075, 380107, 385150, 390076, 395076, 400095, 405166, 410089, 415104, 420157, 425396, 430124, 435084, 440161, 445118, 450094, 455137, 460118, 465242, 470097, 475083, 480106, 485079, 490062, 495068, 500083],
	kappa: 0.8177151335456346