NB + DDM: 
	Classifier Error-rate: 21.28%,
	Classifier Average Memory Usage (bytes): 90802.24,
	Classifier Average Runtime (ms): 2019.41,
	Classifier Total Runtime (ms): 410447.02,
	Detection Delay: 98.93 TP: 100 FP: 0 FN: 0,
	Average Detection Memory Usage (bytes): 560.00,
	Average Detection Runtime (ms): 21.53,
	Total Detection Runtime (ms): 2170.34,
	Drift Points detected: [5125, 10067, 15083, 20104, 25100, 30082, 35094, 40091, 45071, 50075, 55156, 60121, 65109, 70068, 75105, 80134, 85228, 90181, 95097, 100125, 105237, 110118, 115063, 120071, 125134, 130070, 135070, 140068, 145102, 150069, 155052, 160072, 165100, 170081, 175067, 180061, 185081, 190090, 195091, 200114, 205076, 210064, 215087, 220091, 225083, 230083, 235082, 240090, 245101, 250125, 255105, 260103, 265108, 270124, 275083, 280107, 285111, 290069, 295083, 300119, 305109, 310066, 315085, 320080, 325131, 330064, 335084, 340088, 345089, 350076, 355080, 360147, 365107, 370083, 375062, 380091, 385133, 390060, 395065, 400073, 405126, 410079, 415081, 420136, 425319, 430107, 435072, 440138, 445102, 450107, 455124, 460097, 465223, 470079, 475073, 480092, 485060, 490052, 495059, 500073],
	kappa: 0.7635868470057119