NB + EDDM: 
	Classifier Error-rate: 15.74%,
	Classifier Average Memory Usage (bytes): 90526.40,
	Classifier Average Runtime (ms): 1677.28,
	Classifier Total Runtime (ms): 967115.21,
	Detection Delay: 247.77 TP: 99 FP: 5 FN: 1,
	Average Detection Memory Usage (bytes): 888.00,
	Average Detection Runtime (ms): 7.46,
	Total Detection Runtime (ms): 827.24,
	Drift Points detected: [354, 5293, 10209, 12117, 15160, 20293, 20404, 25294, 25348, 30236, 35203, 40285, 45220, 50251, 55400, 60338, 65052, 70194, 75199, 80370, 80427, 85356, 90443, 95255, 100432, 110669, 115171, 120210, 125309, 130170, 135216, 140189, 145301, 150172, 155177, 160106, 165113, 165162, 170253, 175153, 180171, 185248, 186945, 190176, 195367, 200295, 205205, 210177, 215239, 220251, 225199, 230241, 235286, 240229, 245221, 250278, 255236, 260245, 265315, 270252, 275206, 275255, 280225, 285298, 290222, 295150, 300273, 305267, 310239, 315249, 320286, 325317, 330193, 335243, 340293, 345243, 350233, 355162, 360388, 365310, 370148, 375181, 380148, 385410, 390101, 395184, 400218, 405280, 410135, 415276, 420320, 425503, 430320, 435181, 436003, 440295, 445297, 448618, 450096, 455319, 460247, 465514, 470261, 470467, 475202, 480172, 485199, 490110, 495139, 500153],
	kappa: 0.8251542155398502