NB + EWMA: 
	Classifier Error-rate: 14.85%,
	Classifier Average Memory Usage (bytes): 87705.34,
	Classifier Average Runtime (ms): 461.59,
	Classifier Total Runtime (ms): 1327888.87,
	Detection Delay: 20.30 TP: 87 FP: 277 FN: 13,
	Average Detection Memory Usage (bytes): 576.00,
	Average Detection Runtime (ms): 8.49,
	Total Detection Runtime (ms): 3294.92,
	Drift Points detected: [348, 2578, 4280, 5008, 6565, 8594, 10002, 10589, 12112, 13479, 15005, 15930, 17916, 19918, 22613, 24940, 26795, 28913, 29854, 30014, 30989, 32937, 35026, 36241, 37756, 38888, 40007, 41557, 44063, 45008, 45761, 46883, 47806, 50004, 51762, 54752, 55253, 58279, 59939, 62237, 63133, 64912, 66692, 67408, 69516, 70015, 71616, 73009, 73872, 74610, 75016, 76637, 78185, 80007, 80767, 81607, 83619, 85011, 86837, 87500, 88659, 89334, 90016, 90889, 92080, 92857, 93877, 95007, 95859, 96917, 98981, 100017, 102240, 102574, 102975, 103905, 104628, 105235, 107747, 108772, 110050, 110816, 111541, 112790, 113736, 114544, 115007, 116428, 117291, 119317, 120007, 121062, 123272, 124589, 125037, 127279, 129486, 130007, 131536, 132454, 134113, 135014, 136028, 137418, 138774, 139841, 140015, 140947, 142908, 144240, 145020, 146867, 147091, 148115, 149666, 150025, 150827, 152427, 153380, 154110, 154984, 157403, 159041, 160008, 161902, 162721, 165007, 165858, 167044, 168631, 170007, 171076, 173629, 175009, 176795, 178461, 180005, 181174, 181974, 183993, 184586, 185011, 186573, 188086, 190002, 191224, 193243, 194383, 195010, 196637, 197669, 199518, 200020, 201173, 202896, 203650, 204377, 205011, 205553, 206920, 209330, 210010, 212351, 214055, 215010, 216373, 216741, 218502, 220009, 221381, 223397, 224949, 227194, 227740, 228742, 229316, 230007, 231506, 232573, 233217, 234511, 235012, 235171, 236555, 237311, 239441, 240006, 241247, 241767, 242937, 244337, 245040, 246441, 247726, 248582, 250010, 252792, 253470, 254765, 255019, 256742, 258054, 260019, 260685, 262054, 263137, 264970, 266193, 267868, 268185, 268699, 270010, 271233, 273629, 274453, 275004, 277740, 280014, 281343, 282505, 283566, 284583, 285026, 287670, 288078, 289464, 290011, 291610, 293853, 295008, 296586, 299472, 300010, 301338, 303022, 304138, 305013, 306273, 306894, 308905, 310012, 311110, 313056, 314247, 315011, 317574, 320006, 320979, 323098, 323722, 325014, 326628, 328660, 329897, 330015, 331404, 332361, 332782, 334748, 335017, 336567, 338277, 340009, 340710, 342435, 342989, 344808, 346393, 346941, 347432, 349155, 350003, 350900, 351627, 352844, 354210, 355013, 355945, 357216, 358314, 360006, 360633, 361785, 363481, 365009, 366101, 367111, 368535, 369527, 370011, 370941, 372210, 374731, 375007, 376905, 378729, 379831, 380019, 382101, 384704, 385018, 387333, 388358, 389938, 393039, 394827, 395010, 395392, 397455, 399949, 401065, 402051, 404249, 405012, 406187, 407855, 410010, 411222, 412877, 413829, 414705, 415017, 416666, 418090, 420008, 421203, 422421, 424162, 425053, 426590, 429856, 430049, 430696, 432917, 434955, 437459, 439718, 440022, 440783, 442290, 444154, 445015, 446277, 448069, 449462, 450009, 451374, 452755, 453866, 455015, 457005, 457972, 459540, 460008, 461304, 462959, 464937, 466786, 468392, 469952, 471706, 473104, 473253, 474344, 475006, 476557, 479723, 480166, 481815, 483653, 485004, 486871, 487625, 488928, 490008, 492460, 493218, 494058, 495007, 496220, 497262, 497924, 499049, 499703, 500016, 501431, 503760],
	kappa: 0.8350173943553846