NB + RDDM: 
	Classifier Error-rate: 15.02%,
	Classifier Average Memory Usage (bytes): 90767.05,
	Classifier Average Runtime (ms): 1816.43,
	Classifier Total Runtime (ms): 1150813.80,
	Detection Delay: 58.52 TP: 100 FP: 1 FN: 0,
	Average Detection Memory Usage (bytes): 32296.00,
	Average Detection Runtime (ms): 27.66,
	Total Detection Runtime (ms): 2826.60,
	Drift Points detected: [430, 5078, 10042, 15045, 20069, 25075, 30049, 35063, 40055, 45047, 50047, 55075, 60077, 65067, 70036, 75060, 80069, 85121, 90111, 95059, 100074, 105170, 110088, 115044, 120048, 125074, 130048, 135042, 140035, 145060, 150037, 155029, 160047, 165053, 170047, 175038, 180040, 185048, 190054, 195056, 200055, 205035, 210042, 215053, 220051, 225054, 230054, 235050, 240053, 245054, 250048, 255045, 260060, 265061, 270063, 275052, 280048, 285058, 290040, 295056, 300068, 305055, 310042, 315055, 320049, 325076, 330039, 335054, 340063, 345054, 350035, 355037, 360081, 365058, 370056, 375042, 380064, 385072, 390040, 395036, 400045, 405072, 410038, 415050, 420089, 425202, 430058, 435051, 440083, 445061, 450056, 455062, 460055, 465142, 470055, 475045, 480050, 485037, 490032, 495038, 500046],
	kappa: 0.8330787893870153