NB + ADWIN: 
	Classifier Error-rate: 30.85%,
	Classifier Average Memory Usage (bytes): 159051.50,
	Classifier Average Runtime (ms): 95.21,
	Classifier Total Runtime (ms): 71844.66,
	Detection Delay: 245.87 TP: 30 FP: 627 FN: 0,
	Average Detection Memory Usage (bytes): 5972.26,
	Average Detection Runtime (ms): 5.77,
	Total Detection Runtime (ms): 4345.30,
	Drift Points detected: [161, 322, 451, 644, 773, 966, 1191, 1384, 1545, 1770, 1995, 2188, 2349, 2542, 2831, 2960, 3089, 3314, 3475, 3668, 3893, 4054, 4279, 4504, 4729, 5690, 5947, 6108, 6301, 6622, 6751, 6944, 7201, 7394, 7523, 7716, 7941, 8102, 8295, 8552, 8809, 8938, 9163, 9420, 9581, 9934, 10191, 10352, 10481, 10642, 10931, 11124, 11253, 11478, 11767, 11928, 12185, 12346, 12475, 12604, 12765, 12894, 13055, 13376, 13505, 13666, 13859, 14116, 14469, 14726, 15527, 15656, 15785, 15946, 16171, 16364, 16557, 16686, 16879, 17008, 17265, 17426, 17683, 17844, 18037, 18198, 18359, 18616, 18809, 19066, 19195, 19324, 19581, 19838, 20223, 20448, 20641, 20930, 21251, 21476, 21637, 21798, 21927, 22280, 22473, 22634, 22859, 23084, 23341, 23470, 23695, 23856, 24081, 24274, 24467, 24660, 24789, 24982, 25175, 25400, 25561, 25786, 26043, 26172, 26397, 26590, 26719, 26912, 27105, 27330, 27459, 27620, 27813, 27974, 28263, 28392, 28585, 28810, 29035, 29260, 29549, 29678, 29871, 30000, 30193, 30354, 30547, 30708, 30869, 31030, 31159, 31320, 31545, 31738, 31899, 32092, 32253, 32606, 32735, 32864, 33025, 33186, 33347, 33476, 33605, 33894, 34055, 34248, 34665, 34922, 35211, 35404, 35597, 35918, 36047, 36240, 36433, 36690, 36915, 37108, 37205, 37430, 37527, 37816, 37945, 38138, 38363, 38524, 38653, 38782, 39007, 39232, 39457, 39650, 39875, 40356, 40581, 40710, 41063, 41416, 41513, 41738, 42187, 42348, 42605, 42798, 43215, 43376, 43569, 43794, 43955, 44180, 44309, 44534, 44823, 45304, 45433, 45594, 45755, 45980, 46173, 46270, 46463, 46624, 46849, 47074, 47203, 47460, 47877, 48134, 48263, 48392, 48553, 48810, 49035, 49292, 49645, 49998, 50159, 50384, 50577, 50802, 50931, 51092, 51285, 51478, 51639, 51832, 52121, 52250, 52475, 52732, 52957, 53214, 53439, 53600, 53761, 53922, 54115, 54372, 54565, 54886, 55271, 55368, 55625, 55754, 55979, 56140, 56301, 56462, 56623, 56784, 57041, 57202, 57395, 57652, 57877, 58038, 58295, 58424, 58681, 58842, 59131, 59388, 59549, 59742, 59999, 60288, 60513, 60738, 60963, 61156, 61349, 61638, 61831, 61992, 62217, 62442, 62667, 62892, 63117, 63246, 63407, 63632, 63793, 64050, 64243, 64436, 64629, 64854, 65335, 65528, 65785, 65914, 66171, 66492, 66653, 67038, 67263, 67584, 67745, 67970, 68355, 68548, 68837, 69126, 69255, 69512, 69673, 69898, 70219, 70412, 70701, 71150, 71439, 71568, 71729, 72018, 72307, 72532, 72725, 72918, 73175, 73400, 73657, 73754, 74075, 74204, 74365, 74590, 74783, 74976, 75201, 75426, 75555, 75876, 76101, 76262, 76519, 76744, 76937, 77194, 77451, 77676, 77837, 77998, 78127, 78416, 78513, 78674, 78867, 79156, 79541, 79702, 79927, 80184, 80377, 80602, 80827, 81052, 81757, 81886, 82047, 82240, 82433, 82626, 82883, 83172, 83301, 83494, 83719, 83912, 84041, 84234, 84427, 84556, 84685, 84910, 85327, 85584, 85681, 85906, 86131, 86260, 86517, 86742, 86839, 87128, 87417, 87642, 87803, 87996, 88189, 88350, 88543, 88672, 88865, 88994, 89187, 89380, 89541, 89798, 90247, 90440, 90633, 90858, 91051, 91372, 91661, 91886, 92079, 92272, 92497, 92786, 92947, 93108, 93301, 93462, 93687, 93848, 94009, 94202, 94395, 94556, 94781, 94910, 95199, 95456, 95585, 95746, 95971, 96196, 96357, 96486, 96679, 96840, 97065, 97258, 97451, 97612, 97709, 97934, 98159, 98288, 98545, 98770, 98963, 99316, 99605, 99766, 99991, 100216, 100505, 100698, 100923, 101244, 101405, 101630, 101759, 101984, 102241, 102402, 102563, 102820, 102949, 103142, 103303, 103560, 103721, 103914, 104043, 104268, 104429, 104718, 104911, 105232, 105873, 106034, 106227, 106388, 106709, 106998, 107191, 107448, 107609, 107738, 107899, 108060, 108317, 108670, 108959, 109120, 109345, 109602, 109827, 110276, 110533, 110694, 110855, 111080, 111273, 111466, 111627, 111788, 112013, 112270, 112431, 112688, 112913, 113106, 113299, 113492, 113621, 113846, 114167, 114328, 114489, 114714, 114971, 115132, 115325, 115550, 115743, 115872, 116033, 116226, 116387, 116580, 116773, 116934, 117095, 117256, 117481, 117578, 117739, 117932, 118157, 118318, 118543, 118704, 118929, 119122, 119443, 119732, 119893, 120150, 120279, 120440, 120601, 120762, 120955, 121148, 121341, 121598, 121855, 122112, 122401, 122594, 122755, 123012, 123141, 123366, 123591, 123720, 123977, 124170, 124395, 124588, 124813, 124974, 125199, 125584, 125777, 125938, 126163, 126388, 126677, 126870, 127127, 127288, 127513, 127642, 127803, 127932, 128125, 128318, 128671, 128928, 129089, 129282, 129475, 129700, 129893, 130278, 130471, 130632, 130793, 131018, 131179, 131340, 131533, 131630, 131855, 132112, 132273, 132498, 132723, 132884, 133109, 133334, 133527, 133688, 133817, 134010, 134171, 134332, 134525, 134814, 135327, 135552, 135745, 135938, 136259, 136452, 136645, 136838, 137095, 137320, 137513, 137770, 137931, 138156, 138509, 138734, 138959, 139088, 139281, 139410, 139699, 139892, 140181, 140342, 140503, 140760, 140985, 141242, 141467, 141628, 141917, 142078, 142335, 142560, 142657, 142850, 143043, 143300, 143621, 143782, 144007, 144200, 144489, 144714, 145067, 145228, 145421, 145646, 145871, 146064, 146385, 146578, 146771, 146932, 147093, 147350, 147575, 147704, 147865, 148154, 148475, 148700, 148957, 149150, 149279, 149472, 149697, 149858, 150211, 150500, 150629, 150950, 151047, 151240, 151465, 151658, 151915, 152108, 152269, 152462, 152719, 153008, 153169, 153362, 153619, 153812, 153941, 154134, 154359, 154456, 154617, 154874, 155227, 155580, 155773, 155966, 156191, 156416, 156577, 156706, 156963, 157156, 157317, 157478, 157703, 157960, 158313, 158442, 158571, 158732, 158893, 159118, 159343, 159632, 159857],
	kappa: 0.6571942703336524