NB + EWMA: 
	Classifier Error-rate: 13.88%,
	Classifier Average Memory Usage (bytes): 159923.37,
	Classifier Average Runtime (ms): 289.37,
	Classifier Total Runtime (ms): 36624.90,
	Detection Delay: 11.97 TP: 30 FP: 93 FN: 0,
	Average Detection Memory Usage (bytes): 976.00,
	Average Detection Runtime (ms): 7.87,
	Total Detection Runtime (ms): 996.44,
	Drift Points detected: [1243, 2064, 3591, 4431, 5027, 6116, 7286, 8053, 9000, 9499, 10014, 11558, 12019, 14522, 15033, 16934, 17534, 19272, 20009, 21716, 23948, 25021, 27013, 27730, 29070, 30011, 31784, 33390, 34566, 35016, 36635, 37499, 39094, 40008, 42092, 43155, 43805, 45013, 45440, 48141, 49556, 50014, 50934, 52006, 54488, 55010, 57290, 58358, 60012, 61297, 62742, 63399, 63976, 65008, 67461, 68955, 70006, 72122, 73683, 74447, 75008, 77910, 80016, 81623, 82783, 85008, 86192, 87243, 88206, 89052, 90011, 91029, 94072, 95009, 96642, 98011, 99227, 100017, 102334, 103454, 104581, 105023, 107025, 107390, 108020, 110005, 111495, 112575, 114338, 115005, 116884, 117809, 119110, 120008, 121255, 122861, 123842, 125009, 126083, 127755, 128236, 130005, 131536, 132384, 133213, 135007, 136086, 137667, 138800, 139647, 140011, 140972, 141989, 143439, 145007, 146713, 147633, 149166, 150008, 151694, 152516, 153549, 154573, 155360, 157425, 159284],
	kappa: 0.8457288873114108