NB + SeqDrift2: 
	Classifier Error-rate: 22.03%,
	Classifier Average Memory Usage (bytes): 159421.17,
	Classifier Average Runtime (ms): 101.12,
	Classifier Total Runtime (ms): 37164.72,
	Detection Delay: 370.28 TP: 29 FP: 310 FN: 1,
	Average Detection Memory Usage (bytes): 10408.00,
	Average Detection Runtime (ms): 2.96,
	Total Detection Runtime (ms): 1087.64,
	Drift Points detected: [401, 802, 1203, 1604, 2005, 2406, 2807, 3208, 3609, 4010, 4411, 4812, 5413, 5814, 6215, 6616, 7017, 7418, 7819, 8220, 8621, 9022, 9423, 9824, 10425, 11026, 11427, 11828, 12229, 12630, 13031, 13432, 13833, 14234, 14635, 15236, 15837, 16238, 16639, 17040, 17441, 17842, 18243, 18644, 19045, 19446, 19847, 20248, 20649, 21050, 21451, 21852, 22253, 22654, 23055, 23456, 23857, 24258, 24659, 25860, 26261, 26662, 27063, 27464, 27865, 28266, 30067, 30468, 30869, 31270, 31671, 32072, 35073, 35474, 35875, 36276, 36677, 37078, 37479, 37880, 38281, 38682, 39083, 39484, 39885, 40286, 40687, 41088, 41489, 41890, 42291, 42692, 43093, 43494, 43895, 44296, 44697, 46298, 46699, 47100, 47501, 47902, 48303, 48704, 49105, 49506, 49907, 50308, 50709, 51110, 51511, 51912, 52313, 52714, 53115, 53516, 53917, 54318, 54719, 55520, 55921, 56322, 56723, 57124, 57525, 57926, 58327, 58728, 59129, 59530, 59931, 60332, 60733, 61134, 61535, 61936, 62337, 62738, 63139, 63540, 63941, 64342, 64743, 65544, 65945, 66346, 66747, 67148, 67549, 67950, 68351, 68952, 69353, 69754, 70155, 70556, 71757, 72158, 72559, 72960, 73361, 73762, 74363, 74764, 75365, 75766, 76167, 76568, 76969, 77370, 77771, 78172, 78573, 78974, 79375, 79776, 80377, 80778, 81179, 81580, 81981, 82382, 82783, 83184, 83585, 83986, 84387, 84788, 85389, 85790, 86191, 86592, 86993, 87394, 87795, 88196, 88597, 88998, 89399, 89800, 90401, 90802, 91203, 91604, 92005, 92406, 92807, 93208, 93609, 94010, 94411, 94812, 95413, 95814, 96215, 96616, 97017, 97418, 97819, 98220, 98621, 99022, 99423, 99824, 100425, 100826, 101227, 101628, 102029, 102430, 102831, 103232, 103633, 104034, 104435, 104836, 105237, 105638, 106039, 106440, 106841, 107242, 107643, 108044, 108445, 108846, 109247, 109648, 110649, 111050, 111451, 111852, 112253, 112654, 113055, 113456, 113857, 114258, 114659, 115660, 116061, 116462, 116863, 117264, 117665, 118066, 118467, 118868, 119269, 119670, 120071, 120472, 120873, 121274, 121675, 122076, 122477, 122878, 123279, 123680, 124081, 124482, 124883, 125284, 125685, 126086, 126487, 126888, 127289, 127690, 128091, 128492, 128893, 129294, 129695, 130496, 130897, 131298, 131699, 132100, 132501, 132902, 133303, 133704, 134105, 134506, 134907, 135308, 135709, 136110, 136511, 136912, 137313, 137714, 138115, 138516, 138917, 139318, 139719, 140320, 140721, 141122, 141523, 141924, 142325, 142726, 143127, 143528, 143929, 144330, 144731, 145532, 145933, 146334, 146735, 147136, 147537, 147938, 148339, 148740, 149141, 149542, 149943, 150344, 150745, 151146, 151547, 151948, 152349, 152750, 153151, 153552, 153953, 154354, 154755, 155356, 155757, 156158, 156559, 156960, 157361, 157762, 158163, 158564, 158965, 159366, 159767],
	kappa: 0.7552290938834428