NB + DDM: 
	Classifier Error-rate: 24.60%,
	Classifier Average Memory Usage (bytes): 31838.79,
	Classifier Average Runtime (ms): 108.97,
	Classifier Total Runtime (ms): 11126.38,
	Detection Delay: 390.20 TP: 92 FP: 7 FN: 8,
	Average Detection Memory Usage (bytes): 904.00,
	Average Detection Runtime (ms): 10.75,
	Total Detection Runtime (ms): 1096.87,
	Drift Points detected: [5265, 10514, 15876, 20127, 25470, 30337, 35446, 40223, 45357, 50319, 55347, 60123, 65442, 70283, 76291, 80131, 86424, 90216, 95765, 100177, 105388, 110394, 115706, 120131, 125337, 130430, 135612, 140066, 145407, 150266, 155950, 160169, 165243, 170305, 176862, 180102, 185258, 190290, 195784, 200122, 205838, 210295, 215525, 220177, 225621, 230441, 235472, 240644, 246250, 250318, 255429, 260159, 265590, 270289, 275480, 280149, 285309, 290297, 295768, 300122, 305267, 310389, 316297, 320119, 322468, 325769, 330303, 335684, 340131, 345454, 350441, 355921, 360161, 365472, 370499, 375856, 380168, 385432, 390420, 395611, 400170, 405312, 411147, 415845, 420123, 425369, 430349, 435502, 440136, 445228, 450301, 455680, 460132, 465379, 470314, 475676, 480177, 485402, 490405],
	kappa: 0.5080471630913422