NB + EDDM: 
	Classifier Error-rate: 24.78%,
	Classifier Average Memory Usage (bytes): 31391.87,
	Classifier Average Runtime (ms): 56.63,
	Classifier Total Runtime (ms): 42286.66,
	Detection Delay: 550.71 TP: 42 FP: 100 FN: 58,
	Average Detection Memory Usage (bytes): 1432.00,
	Average Detection Runtime (ms): 2.95,
	Total Detection Runtime (ms): 532.68,
	Drift Points detected: [222, 332, 439, 10939, 11017, 22047, 22397, 22511, 32010, 32138, 32621, 32705, 32792, 32895, 32975, 33044, 33143, 33312, 33462, 35492, 37749, 40217, 40347, 40470, 40598, 46736, 47416, 50524, 50683, 50750, 50857, 50927, 51008, 60535, 70536, 80521, 80633, 80720, 80835, 80944, 81045, 81154, 81269, 81445, 90406, 90559, 100154, 111881, 111994, 112116, 112209, 120556, 120773, 120888, 121041, 121129, 121209, 126162, 130848, 131335, 131502, 131667, 131744, 131833, 132017, 132120, 140246, 147260, 150382, 150622, 155452, 155718, 155801, 160570, 160798, 165464, 165591, 171816, 171972, 181385, 185205, 190858, 200556, 211286, 220302, 220439, 220538, 220628, 220754, 220852, 220990, 221066, 226181, 231841, 231925, 237368, 237472, 238112, 240238, 252721, 252826, 253548, 253887, 254067, 260906, 261023, 261201, 261342, 270745, 280704, 291013, 300959, 306301, 306615, 306946, 307131, 307227, 307313, 310650, 310766, 320369, 321566, 321832, 321978, 322109, 322200, 331859, 331946, 340865, 350872, 350962, 360819, 360909, 361014, 374703, 375033, 375108, 375272, 375358, 375436, 380264, 386031, 390696, 397116, 400380, 407692, 408315, 408403, 411116, 411188, 411302, 416625, 420370, 425879, 426687, 430612, 430735, 430823, 430922, 431176, 431241, 431380, 440987, 445703, 451803, 452577, 452685, 452750, 461048, 470503, 476809, 476910, 480425, 491047, 491135, 491217, 500388, 500642, 500978],
	kappa: 0.5043171292808417