NB + EWMA: 
	Classifier Error-rate: 19.02%,
	Classifier Average Memory Usage (bytes): 32054.10,
	Classifier Average Runtime (ms): 27.97,
	Classifier Total Runtime (ms): 5497.03,
	Detection Delay: 19.17 TP: 29 FP: 137 FN: 1,
	Average Detection Memory Usage (bytes): 975.84,
	Average Detection Runtime (ms): 5.54,
	Total Detection Runtime (ms): 35210.65,
	Drift Points detected: [1183, 2065, 3584, 5010, 5431, 5513, 7556, 8311, 9498, 10008, 10596, 10858, 11317, 12019, 12120, 13764, 14523, 15006, 15643, 16781, 17525, 18048, 18644, 20009, 20740, 21536, 21921, 23951, 25006, 25656, 26313, 26457, 27009, 27813, 28627, 29045, 30007, 30434, 31349, 31928, 32311, 33388, 33543, 34999, 35271, 35822, 36785, 38526, 39135, 39369, 39824, 40012, 42093, 43155, 43584, 43634, 43806, 44228, 44932, 45013, 45614, 45712, 46418, 47707, 48778, 48808, 49208, 50007, 51231, 52378, 52542, 53348, 54252, 55007, 55198, 55499, 55866, 57291, 57882, 60005, 60442, 61593, 62089, 62836, 63926, 64119, 64943, 65051, 66002, 67752, 69268, 70006, 70862, 73529, 74440, 75008, 76267, 76845, 77543, 79584, 79645, 80009, 80597, 82529, 82590, 82783, 83205, 83393, 84592, 85009, 85781, 87243, 89028, 90010, 91049, 91500, 91902, 92891, 93880, 95009, 96111, 97507, 97924, 98635, 99521, 100009, 102639, 103213, 104582, 104671, 105008, 105853, 107410, 108020, 108278, 108753, 109188, 109689, 110017, 111870, 112598, 112880, 114338, 115007, 115559, 116369, 116884, 117615, 117809, 118835, 119107, 120010, 120676, 121256, 122861, 123147, 124990, 126645, 127379, 128037, 129757, 130010, 131824, 132109, 133001, 135008, 135241, 135607, 135980, 137663, 138462, 138922, 139121, 140009, 140469, 141139, 142260, 143195, 143455, 144350, 145007, 145373, 146603, 147634, 149005, 150008, 150104, 150234, 151283, 151897, 152155, 153853, 154291, 154458],
	kappa: 0.6195214675098816