NB + DDM: 
	Classifier Error-rate: 24.96%,
	Classifier Average Memory Usage (bytes): 101283.59,
	Classifier Average Runtime (ms): 16.86,
	Classifier Total Runtime (ms): 3923.69,
	Detection Delay: 34.60 TP: 10 FP: 102 FN: 10,
	Average Detection Memory Usage (bytes): 920.00,
	Average Detection Runtime (ms): 1.02,
	Total Detection Runtime (ms): 118.35,
	Drift Points detected: [79, 1113, 1210, 1278, 1566, 2119, 3969, 4031, 4462, 4545, 4629, 4715, 4790, 4908, 4976, 5341, 5377, 5425, 5539, 5575, 5616, 5902, 6622, 7049, 7098, 7182, 8196, 9052, 9338, 9444, 9759, 9977, 10353, 10417, 10698, 10782, 10849, 10985, 11113, 11185, 11251, 12117, 12187, 12243, 14339, 14396, 15758, 16425, 16460, 16515, 19824, 19996, 20348, 20401, 20442, 20588, 20864, 21663, 21747, 21781, 21832, 22508, 22564, 22774, 22946, 22985, 23164, 23230, 23424, 23472, 23603, 23907, 24031, 24185, 24228, 24473, 24653, 24819, 24853, 24915, 24962, 25191, 25242, 25375, 25476, 25630, 25853, 25912, 25994, 26034, 26181, 26537, 26585, 26630, 26669, 26871, 26920, 27159, 27227, 27473, 27534, 27644, 27713, 27749, 27912, 27947, 28013, 28341, 28387, 28432, 28781, 28842, 29590, 29830, 29883, 29951],
	kappa: 0.4863388000630193