NB + EDDM: 
	Classifier Error-rate: 24.65%,
	Classifier Average Memory Usage (bytes): 101265.34,
	Classifier Average Runtime (ms): 10.93,
	Classifier Total Runtime (ms): 9842.74,
	Detection Delay: 42.31 TP: 13 FP: 172 FN: 7,
	Average Detection Memory Usage (bytes): 1448.00,
	Average Detection Runtime (ms): 0.26,
	Total Detection Runtime (ms): 48.10,
	Drift Points detected: [72, 193, 384, 602, 1044, 1249, 1555, 1663, 1869, 2056, 2170, 2273, 2361, 2453, 2540, 2667, 2780, 3019, 3170, 3738, 3843, 4034, 4188, 4345, 4423, 4546, 4696, 4789, 4922, 5080, 5249, 5356, 5454, 5598, 5782, 5872, 5969, 6078, 6165, 6245, 6353, 6537, 6620, 6857, 6982, 7067, 7262, 7429, 7542, 7680, 7869, 7966, 8108, 8194, 8297, 8400, 8546, 8698, 8829, 8963, 9090, 9333, 9469, 9690, 9951, 10196, 10310, 10412, 10697, 10819, 10961, 11112, 11263, 11352, 11537, 11712, 11899, 12034, 12119, 12251, 12336, 12560, 12702, 12826, 13031, 13220, 13359, 13502, 13672, 14040, 14173, 14336, 14459, 14576, 15038, 15181, 15387, 15490, 15647, 15728, 16425, 16529, 16749, 16897, 17033, 17143, 17373, 17593, 17740, 17904, 18033, 18194, 19082, 19274, 19425, 19608, 19759, 19934, 20048, 20242, 20480, 20589, 20733, 20834, 20946, 21067, 21234, 21382, 21544, 21643, 21747, 21874, 22037, 22180, 22314, 22393, 22516, 22657, 22800, 22945, 23100, 23185, 23423, 23531, 23688, 23851, 24001, 24206, 24470, 24595, 24722, 24858, 25009, 25153, 25292, 25374, 25484, 25664, 25844, 25998, 26200, 26365, 26528, 26670, 26873, 27070, 27215, 27392, 27545, 27642, 27777, 27904, 28073, 28219, 28354, 28489, 28632, 28752, 28880, 29076, 29221, 29421, 29518, 29732, 29853],
	kappa: 0.4917611198853678