NB + EWMA: 
	Classifier Error-rate: 23.89%,
	Classifier Average Memory Usage (bytes): 101020.16,
	Classifier Average Runtime (ms): 6.19,
	Classifier Total Runtime (ms): 13887.91,
	Detection Delay: 31.77 TP: 13 FP: 290 FN: 7,
	Average Detection Memory Usage (bytes): 974.08,
	Average Detection Runtime (ms): 0.63,
	Total Detection Runtime (ms): 194.65,
	Drift Points detected: [228, 382, 596, 626, 828, 1005, 1065, 1206, 1275, 1536, 1662, 1797, 1871, 1992, 2057, 2125, 2175, 2257, 2336, 2496, 2691, 2725, 2811, 3019, 3156, 3590, 3637, 3776, 3834, 4030, 4182, 4226, 4340, 4543, 4603, 4706, 4786, 4897, 4977, 5083, 5232, 5298, 5328, 5418, 5538, 5574, 5616, 5735, 5809, 5970, 6049, 6309, 6379, 6417, 6481, 6528, 6624, 6753, 6815, 6859, 6914, 7003, 7050, 7098, 7129, 7184, 7265, 7295, 7430, 7474, 7508, 7628, 7742, 7772, 7857, 7966, 8130, 8171, 8336, 8392, 8609, 8642, 8730, 8763, 8964, 9015, 9092, 9327, 9357, 9428, 9468, 9547, 9626, 9664, 9736, 9853, 9951, 9985, 10079, 10194, 10289, 10409, 10627, 10675, 10775, 10814, 10848, 10963, 11088, 11141, 11174, 11256, 11327, 11519, 11607, 11752, 11856, 12048, 12246, 12524, 12620, 12704, 12734, 12771, 13032, 13067, 13165, 13286, 13323, 13428, 13459, 13668, 13770, 13885, 13984, 14016, 14047, 14174, 14204, 14269, 14342, 14393, 14493, 14531, 14670, 14750, 14780, 14854, 15014, 15102, 15133, 15163, 15245, 15377, 15495, 15643, 15731, 15887, 15917, 16065, 16126, 16166, 16358, 16634, 16741, 16829, 16875, 17030, 17078, 17133, 17250, 17280, 17356, 17567, 17598, 17689, 17879, 17974, 18191, 18362, 18509, 18764, 18831, 18895, 18980, 19123, 19155, 19274, 19385, 19424, 19487, 19565, 19748, 19851, 19990, 20037, 20068, 20223, 20471, 20512, 20561, 20618, 20669, 20734, 20778, 20839, 20900, 20949, 21062, 21117, 21187, 21351, 21644, 21694, 21744, 21784, 21831, 21929, 22031, 22170, 22221, 22261, 22343, 22467, 22566, 22752, 22882, 22943, 23155, 23227, 23395, 23469, 23595, 23633, 23732, 23764, 23829, 23996, 24182, 24223, 24434, 24501, 24626, 24761, 24807, 24910, 24963, 25012, 25087, 25136, 25244, 25330, 25469, 25627, 25843, 25877, 25983, 26056, 26177, 26214, 26317, 26447, 26539, 26585, 26630, 26667, 26803, 26863, 26919, 27067, 27111, 27141, 27171, 27215, 27306, 27421, 27468, 27530, 27637, 27713, 27750, 27882, 28014, 28071, 28124, 28172, 28219, 28253, 28297, 28485, 28596, 28655, 28747, 28821, 28869, 28937, 28967, 29072, 29158, 29217, 29269, 29303, 29423, 29517, 29663, 29795, 29856, 29950],
	kappa: 0.507224150455257