NB + RDDM: 
	Classifier Error-rate: 24.41%,
	Classifier Average Memory Usage (bytes): 101491.69,
	Classifier Average Runtime (ms): 18.63,
	Classifier Total Runtime (ms): 11978.59,
	Detection Delay: 58.33 TP: 6 FP: 109 FN: 14,
	Average Detection Memory Usage (bytes): 64058.30,
	Average Detection Runtime (ms): 1.82,
	Total Detection Runtime (ms): 209.01,
	Drift Points detected: [415, 598, 1027, 1210, 1576, 1806, 1989, 2135, 2283, 2711, 3102, 3734, 4038, 4357, 4754, 4913, 5252, 5440, 5598, 5810, 6000, 6509, 6864, 7057, 7265, 7476, 7632, 8141, 8679, 8914, 9337, 9479, 9692, 9976, 10125, 10288, 10492, 10631, 10975, 11112, 11266, 11799, 12047, 12260, 12735, 13164, 13338, 13674, 14041, 14183, 14342, 14575, 15013, 15254, 15392, 15691, 16412, 16755, 17037, 17396, 17593, 17741, 17879, 18224, 19052, 19200, 19436, 19613, 19750, 19995, 20301, 20474, 21355, 21576, 21843, 22224, 22409, 22592, 22755, 22967, 23159, 23426, 23600, 23844, 24001, 24184, 24479, 24646, 24813, 24960, 25174, 25367, 25665, 25845, 25995, 26179, 26346, 26539, 26871, 27072, 27264, 27430, 27599, 27736, 27909, 28129, 28341, 28490, 28630, 28883, 29022, 29161, 29518, 29731, 29968],
	kappa: 0.4966953741210051