NB + EWMA: 
	Classifier Error-rate: 19.45%,
	Classifier Average Memory Usage (bytes): 38581.45,
	Classifier Average Runtime (ms): 26.68,
	Classifier Total Runtime (ms): 6285.17,
	Detection Delay: 31.67 TP: 30 FP: 176 FN: 0,
	Average Detection Memory Usage (bytes): 975.73,
	Average Detection Runtime (ms): 4.82,
	Total Detection Runtime (ms): 1134.61,
	Drift Points detected: [349, 1105, 1244, 2065, 2970, 4026, 4611, 5009, 5832, 5928, 6107, 6819, 7125, 7903, 8882, 8960, 9245, 9470, 10008, 11472, 12019, 13100, 13710, 13786, 14082, 14114, 14467, 14527, 15009, 15267, 16105, 17529, 18255, 19198, 20009, 20534, 20740, 20909, 21926, 22803, 24873, 25020, 26414, 26477, 26894, 27013, 27348, 28531, 29070, 29143, 29893, 29947, 30007, 30589, 32467, 33389, 33899, 34571, 35010, 36247, 36638, 37499, 37548, 37975, 39527, 40012, 41378, 42093, 43155, 43408, 44681, 44781, 45008, 45440, 46092, 49499, 49842, 50008, 50937, 51284, 51394, 51700, 52137, 52536, 54172, 54575, 54753, 54871, 55009, 55879, 56065, 58358, 59599, 60007, 60217, 61588, 61864, 62208, 62542, 62614, 63055, 63630, 63852, 64413, 64944, 65016, 67174, 69020, 69244, 70009, 70304, 70771, 72122, 73019, 73686, 74369, 74940, 75011, 75087, 75538, 76316, 77544, 80007, 80643, 80985, 81348, 81789, 82705, 84592, 84693, 85006, 85330, 86142, 87003, 87801, 88206, 89824, 89890, 90017, 90262, 91148, 91367, 91631, 92038, 92657, 94073, 94890, 95010, 95406, 95821, 96643, 97993, 99008, 99513, 99904, 100011, 102203, 103405, 104297, 104582, 104925, 105047, 105892, 106680, 106905, 108815, 109332, 110007, 110183, 111259, 112598, 112710, 112873, 113789, 114886, 115007, 116885, 117312, 118829, 118935, 119384, 119508, 120009, 120155, 120777, 121255, 121947, 122554, 122870, 123201, 123842, 125007, 126299, 127187, 130005, 130916, 131379, 131862, 132027, 132381, 133201, 135009, 135666, 136042, 136267, 136458, 136582, 136673, 138368, 138667, 139647, 139724, 139776, 140010, 140192, 140971, 141830, 143193, 143454, 144955, 145637, 146229, 146398, 146517, 146603, 147099, 148594, 149184, 149928, 150009, 151067, 151694, 152516, 152643, 154492],
	kappa: 0.6110940124025659