NB + EWMA: 
	Classifier Error-rate: 20.85%,
	Classifier Average Memory Usage (bytes): 101042.28,
	Classifier Average Runtime (ms): 6.49,
	Classifier Total Runtime (ms): 3072.57,
	Detection Delay: 54.57 TP: 42 FP: 26 FN: 0,
	Average Detection Memory Usage (bytes): 974.44,
	Average Detection Runtime (ms): 0.61,
	Total Detection Runtime (ms): 526.81,
	Drift Points detected: [16, 97, 184, 225, 382, 596, 626, 828, 1005, 1065, 1206, 1275, 1536, 1662, 1797, 1871, 1992, 2057, 2125, 2175, 2257, 2336, 2496, 2691, 2725, 2811, 3019, 3156, 3590, 3637, 3776, 3834, 4030, 4182, 4226, 4340, 4543, 4603, 4706, 4786, 4897, 4977, 5083, 5232, 5298, 5328, 5418, 5538, 5574, 5616, 5735, 5809, 5970, 6049, 6309, 6379, 6417, 6481, 6528, 6624, 6753, 6815, 6859, 6914, 7003, 7050, 7098, 7129, 7184, 7265, 7295, 7430, 7474, 7508, 7628, 7742, 7772, 7857, 7966, 8130, 8171, 8336, 8392, 8609, 8642, 8730, 8763, 8964, 9015, 9092, 9327, 9357, 9428, 9468, 9547, 9626, 9664, 9736, 9853, 9951, 9985, 10079, 10194, 10289, 10409, 10627, 10675, 10775, 10814, 10848, 10963, 11088, 11141, 11174, 11256, 11327, 11519, 11607, 11752, 11856, 12048, 12246, 12524, 12620, 12704, 12734, 12771, 13032, 13067, 13165, 13286, 13323, 13428, 13459, 13668, 13770, 13885, 13984, 14016, 14047, 14174, 14204, 14269, 14342, 14393, 14493, 14531, 14670, 14750, 14780, 14854, 15014, 15102, 15133, 15163, 15245, 15377, 15495, 15643, 15731, 15887, 15917, 16065, 16126, 16166, 16358, 16634, 16741, 16829, 16875, 17030, 17078, 17133, 17250, 17280, 17356, 17567, 17598, 17689, 17879, 17974, 18191, 18362, 18509, 18764, 18831, 18895, 18980, 19123, 19155, 19274, 19385, 19424, 19487, 19565, 19748, 19851, 19990, 20037, 20068, 20223, 20471, 20512, 20561, 20618, 20669, 20734, 20778, 20839, 20900, 20949, 21062, 21117, 21187, 21351, 21644, 21694, 21744, 21784, 21831, 21929, 22031, 22170, 22221, 22261, 22343, 22467, 22566, 22752, 22882, 22943, 23155, 23227, 23395, 23469, 23595, 23633, 23732, 23764, 23829, 23996, 24182, 24223, 24434, 24501, 24626, 24761, 24807, 24910, 24963, 25012, 25087, 25136, 25244, 25330, 25469, 25627, 25843, 25877, 25983, 26056, 26177, 26214, 26317, 26447, 26539, 26585, 26630, 26667, 26803, 26863, 26919, 27067, 27111, 27141, 27171, 27215, 27306, 27421, 27468, 27530, 27637, 27713, 27750, 27882, 28014, 28071, 28124, 28172, 28219, 28253, 28297, 28485, 28596, 28655, 28747, 28821, 28869, 28937, 28967, 29072, 29158, 29217, 29269, 29303, 29423, 29517, 29663, 29795, 29856, 29950, 30132, 30162, 30236, 30349, 30431, 30473, 30618, 30794, 30836, 30901, 31006, 31173, 31287, 31328, 31367, 31431, 31490, 31598, 31631, 31719, 31824, 31892, 31965, 32028, 32130, 32194, 32277, 32307, 32394, 32517, 32564, 32598, 32688, 32823, 32853, 32945, 33037, 33105, 33216, 33307, 33583, 33643, 33746, 33930, 34010, 34097, 34143, 34316, 34356, 34447, 34550, 34582, 34809, 34965, 35019, 35184, 35278, 35434, 35501, 35561, 35654, 35714, 35878, 36091, 36211, 36282, 36323, 36405, 36556, 36598, 36713, 36912, 36948, 37109, 37325, 37412, 37447, 37535, 37580, 37630, 37682, 37738, 37893, 37964, 38063, 38097, 38164, 38229, 38279, 38349, 38524, 38684, 38790, 38902, 39021, 39056, 39117, 39208, 39340, 39392, 39542, 39573, 39676, 39787, 40025, 40123, 40180, 40337, 40397, 40435, 40512, 40542, 40629, 40747, 40938, 41072, 41138, 41308, 41374, 41443, 41549, 41708, 41755, 41850, 41906, 41974, 42016, 42050, 42228, 42278, 42381, 42464, 42576, 42717, 42810, 42932, 43001, 43054, 43102, 43153, 43289, 43464, 43501, 43584, 43677, 43923, 44005, 44053, 44191, 44223, 44323, 44358, 44428, 44467, 44667, 44737, 44800, 44848, 44905, 44993, 45029, 45262],
	kappa: 0.5707161967280986