NB + EDDM: 
	Classifier Error-rate: 22.63%,
	Classifier Average Memory Usage (bytes): 101287.66,
	Classifier Average Runtime (ms): 10.44,
	Classifier Total Runtime (ms): 2990.38,
	Detection Delay: 76.67 TP: 42 FP: -2 FN: 0,
	Average Detection Memory Usage (bytes): 1448.00,
	Average Detection Runtime (ms): 0.31,
	Total Detection Runtime (ms): 151.87,
	Drift Points detected: [53, 139, 266, 474, 607, 1043, 1249, 1555, 1663, 1869, 2056, 2170, 2273, 2361, 2453, 2540, 2667, 2780, 3019, 3170, 3738, 3843, 4034, 4188, 4345, 4423, 4546, 4696, 4789, 4922, 5080, 5249, 5356, 5454, 5598, 5782, 5872, 5969, 6078, 6165, 6245, 6353, 6537, 6620, 6857, 6982, 7067, 7262, 7429, 7542, 7680, 7869, 7966, 8108, 8194, 8297, 8400, 8546, 8698, 8829, 8963, 9090, 9333, 9469, 9690, 9951, 10196, 10310, 10412, 10697, 10819, 10961, 11112, 11263, 11352, 11537, 11712, 11899, 12034, 12119, 12251, 12336, 12560, 12702, 12826, 13031, 13220, 13359, 13502, 13672, 14040, 14173, 14336, 14459, 14576, 15038, 15181, 15387, 15490, 15647, 15728, 16425, 16529, 16749, 16897, 17033, 17143, 17373, 17593, 17740, 17904, 18033, 18194, 19082, 19274, 19425, 19608, 19759, 19934, 20048, 20242, 20480, 20589, 20733, 20834, 20946, 21067, 21234, 21382, 21544, 21643, 21747, 21874, 22037, 22180, 22314, 22393, 22516, 22657, 22800, 22945, 23100, 23185, 23423, 23531, 23688, 23851, 24001, 24206, 24470, 24595, 24722, 24858, 25009, 25153, 25292, 25374, 25484, 25664, 25844, 25998, 26200, 26365, 26528, 26670, 26873, 27070, 27215, 27392, 27545, 27642, 27777, 27904, 28073, 28219, 28354, 28489, 28632, 28752, 28880, 29076, 29221, 29421, 29518, 29732, 29853, 30036, 30235, 30443, 30573, 30795, 30946, 31029, 31183, 31333, 31435, 31566, 31682, 31839, 31930, 32038, 32176, 32307, 32445, 32590, 32701, 32868, 33051, 33198, 33308, 33427, 33591, 33725, 33934, 34100, 34202, 34368, 34546, 34675, 34818, 35008, 35199, 35327, 35521, 35710, 36411, 36527, 36621, 36733, 36838, 36959, 37125, 37333, 37537, 37683, 37899, 38021, 38195, 38346, 38497, 38713, 38861, 39102, 39257, 39392, 39584, 39740, 39912, 40094, 40178, 40408, 40525, 40636, 40739, 40942, 41085, 41198, 41310, 41454, 41611, 41761, 41896, 42001, 42143, 42352, 42496, 42624, 42754, 42932, 43088, 43197, 43315, 43441, 43607, 43706, 43846, 43960, 44056, 44237, 44365, 44474, 44670, 44855, 44998, 45107, 45263],
	kappa: 0.5329505195466657