NB + RDDM: 
	Classifier Error-rate: 23.40%,
	Classifier Average Memory Usage (bytes): 101529.08,
	Classifier Average Runtime (ms): 16.65,
	Classifier Total Runtime (ms): 2966.10,
	Detection Delay: 140.69 TP: 42 FP: 7 FN: 0,
	Average Detection Memory Usage (bytes): 64057.53,
	Average Detection Runtime (ms): 1.02,
	Total Detection Runtime (ms): 306.70,
	Drift Points detected: [476, 1029, 1217, 1556, 1807, 1989, 2135, 2283, 2711, 3102, 3734, 4038, 4357, 4754, 4913, 5252, 5440, 5598, 5810, 6000, 6509, 6864, 7057, 7265, 7476, 7632, 8141, 8679, 8914, 9337, 9479, 9692, 9976, 10125, 10288, 10492, 10631, 10975, 11112, 11266, 11799, 12047, 12260, 12735, 13164, 13338, 13674, 14041, 14183, 14342, 14575, 15013, 15254, 15392, 15691, 16412, 16755, 17037, 17396, 17593, 17741, 17879, 18224, 19052, 19200, 19436, 19613, 19750, 19995, 20301, 20474, 21355, 21576, 21843, 22224, 22409, 22592, 22755, 22967, 23159, 23426, 23600, 23844, 24001, 24184, 24479, 24646, 24813, 24960, 25174, 25367, 25665, 25845, 25995, 26179, 26346, 26539, 26871, 27072, 27264, 27430, 27599, 27736, 27909, 28129, 28341, 28490, 28630, 28883, 29022, 29161, 29518, 29731, 29968, 30160, 30357, 30504, 30931, 31191, 31329, 31509, 31727, 31896, 32095, 32277, 32447, 32591, 33000, 33241, 33605, 33794, 33931, 34101, 34359, 34552, 34846, 35018, 35197, 35800, 36098, 36280, 36503, 36742, 36914, 37101, 37333, 37580, 37761, 37896, 38200, 38382, 38571, 38714, 38903, 39098, 39238, 39404, 39584, 40031, 40413, 41122, 41313, 41450, 42010, 42425, 42625, 42938, 43105, 43298, 43630, 43822, 44007, 44240, 44433, 44669, 44895, 45122, 45285],
	kappa: 0.5171103873707156