NB + CUSUM: 
	Classifier Error-rate: 17.03%,
	Classifier Average Memory Usage (bytes): 90888.64,
	Classifier Average Runtime (ms): 1873.73,
	Classifier Total Runtime (ms): 773085.18,
	Detection Delay: 345.68 TP: 100 FP: 0 FN: 0,
	Average Detection Memory Usage (bytes): 528.00,
	Average Detection Runtime (ms): 16.10,
	Total Detection Runtime (ms): 1624.04,
	Drift Points detected: [5419, 10313, 15323, 20378, 25326, 30319, 35316, 40352, 45332, 50367, 55425, 60436, 65317, 70248, 75321, 80413, 85493, 90523, 95331, 100439, 105651, 110407, 115249, 120294, 125361, 130302, 135317, 140324, 145333, 150340, 155250, 160342, 165383, 170351, 175263, 180278, 185298, 190327, 195442, 200337, 205292, 210285, 215331, 220282, 225287, 230322, 235405, 240336, 245454, 250391, 255328, 260367, 265444, 270287, 275262, 280370, 285336, 290288, 295305, 300378, 305333, 310318, 315290, 320288, 325392, 330305, 335303, 340419, 345377, 350386, 355317, 360361, 365351, 370311, 375260, 380325, 385377, 390291, 395275, 400337, 405433, 410318, 415351, 420392, 425647, 430359, 435288, 440381, 445331, 450311, 455371, 460395, 465478, 470284, 475236, 480341, 485277, 490221, 495260, 500288],
	kappa: 0.8107480747118333