NB + DDM: 
	Classifier Error-rate: 21.53%,
	Classifier Average Memory Usage (bytes): 90883.52,
	Classifier Average Runtime (ms): 1957.55,
	Classifier Total Runtime (ms): 400869.49,
	Detection Delay: 323.29 TP: 100 FP: 0 FN: 0,
	Average Detection Memory Usage (bytes): 560.00,
	Average Detection Runtime (ms): 23.54,
	Total Detection Runtime (ms): 2388.54,
	Drift Points detected: [5422, 10257, 15307, 20370, 25304, 30307, 35291, 40330, 45322, 50349, 55403, 60401, 65291, 70227, 75293, 80392, 85442, 90488, 95288, 100410, 105597, 110395, 115231, 120285, 125341, 130277, 135310, 140309, 145320, 150315, 155228, 160329, 165367, 170319, 175246, 180259, 185265, 190309, 195422, 200319, 205280, 210268, 215296, 220238, 225283, 230296, 235393, 240311, 245443, 250377, 255290, 260343, 265382, 270266, 275241, 280335, 285318, 290280, 295298, 300359, 305321, 310304, 315277, 320276, 325354, 330270, 335297, 340395, 345338, 350369, 355273, 360349, 365326, 370288, 375251, 380306, 385364, 390270, 395253, 400331, 405400, 410299, 415334, 420376, 425582, 430312, 435271, 440372, 445297, 450297, 455363, 460375, 465444, 470255, 475207, 480323, 485255, 490209, 495243, 500269],
	kappa: 0.7608001094511021