NB + EWMA: 
	Classifier Error-rate: 15.46%,
	Classifier Average Memory Usage (bytes): 87895.26,
	Classifier Average Runtime (ms): 541.75,
	Classifier Total Runtime (ms): 1318807.27,
	Detection Delay: 186.34 TP: 91 FP: 237 FN: 9,
	Average Detection Memory Usage (bytes): 576.00,
	Average Detection Runtime (ms): 9.80,
	Total Detection Runtime (ms): 3269.89,
	Drift Points detected: [348, 2578, 4280, 5417, 6565, 8594, 10075, 12112, 13479, 15072, 17916, 18261, 19918, 20386, 22613, 24940, 28913, 29854, 30310, 31559, 32937, 35066, 38766, 40018, 44063, 44201, 45383, 46883, 47806, 49314, 50129, 51763, 54752, 55156, 58279, 59939, 63133, 64912, 65246, 66986, 69516, 70080, 73009, 73872, 74610, 75140, 76637, 78185, 80080, 81607, 83619, 84997, 86838, 87500, 88394, 89334, 90269, 92080, 93630, 95136, 97471, 98981, 100175, 100488, 102240, 102974, 103905, 104628, 105235, 107748, 108772, 110127, 111541, 112790, 113736, 114544, 115145, 116650, 117291, 118000, 119319, 120050, 123309, 124589, 125299, 127279, 129486, 130158, 131537, 132454, 134113, 135099, 138774, 139841, 140266, 142908, 143746, 144240, 145108, 148115, 149666, 150265, 152427, 153380, 154110, 154984, 155434, 157403, 159041, 160088, 162721, 165154, 168631, 170008, 174983, 178802, 180012, 181974, 182680, 183993, 184586, 185177, 188086, 190002, 191225, 193243, 194039, 195141, 196637, 197669, 199518, 200320, 201173, 202896, 203650, 204377, 205007, 210133, 213581, 213664, 215151, 216374, 216741, 218502, 220059, 223397, 224949, 227740, 228742, 229316, 230131, 231853, 233217, 234511, 235291, 236556, 237311, 239441, 240204, 241767, 242937, 244337, 245041, 247726, 248582, 250193, 252803, 253470, 254765, 255390, 256742, 258054, 260007, 263137, 264970, 266193, 268183, 268699, 270076, 273972, 274454, 275032, 280221, 282504, 282919, 284151, 284911, 285890, 287670, 288078, 289464, 290035, 290402, 291612, 293853, 295102, 296589, 299472, 300143, 301339, 303022, 304138, 305029, 306894, 308905, 310108, 313056, 314247, 314899, 315508, 317574, 320105, 320980, 323098, 323722, 325074, 327440, 328660, 329897, 330460, 331404, 332361, 332782, 334961, 338277, 339565, 340704, 342437, 342989, 344808, 345279, 346941, 347427, 349155, 350223, 352588, 354210, 355211, 357216, 358314, 360205, 362108, 363481, 365133, 367111, 368535, 369527, 370153, 374732, 375214, 376905, 378729, 379831, 380145, 382183, 384704, 385359, 387333, 388358, 389938, 390490, 392671, 393143, 394827, 395224, 400134, 402553, 404249, 405204, 406187, 407855, 410087, 410506, 412301, 413401, 414705, 415107, 416666, 417679, 418315, 420109, 421206, 422421, 424162, 425131, 426590, 429856, 430421, 432917, 434955, 435390, 437459, 439718, 440091, 442290, 444154, 445041, 448069, 449462, 450110, 452755, 453866, 455183, 457005, 457972, 459540, 460248, 461468, 462959, 464937, 467489, 468392, 469952, 474219, 475016, 480063, 481817, 483653, 485042, 485427, 487625, 488928, 490082, 493218, 494057, 495152, 497262, 497924, 499049, 499703, 500390, 501431, 503760],
	kappa: 0.8282196250017342