NB + EDDM: 
	Classifier Error-rate: 16.23%,
	Classifier Average Memory Usage (bytes): 90300.83,
	Classifier Average Runtime (ms): 1587.51,
	Classifier Total Runtime (ms): 957285.87,
	Detection Delay: 456.30 TP: 99 FP: 2 FN: 1,
	Average Detection Memory Usage (bytes): 888.00,
	Average Detection Runtime (ms): 6.88,
	Total Detection Runtime (ms): 804.86,
	Drift Points detected: [354, 5573, 10403, 15487, 20498, 25466, 30432, 35428, 35489, 40456, 45432, 50463, 55580, 60534, 65250, 70415, 75370, 80603, 85627, 90706, 95452, 100599, 110932, 115350, 120411, 125481, 130389, 135451, 140389, 145485, 150402, 155375, 160462, 165277, 165401, 170468, 170518, 175338, 175384, 180397, 185444, 190477, 195672, 200473, 205435, 210402, 215448, 220400, 225413, 230469, 230513, 235510, 240529, 245502, 250404, 255394, 260433, 260513, 265537, 270443, 275387, 280410, 285448, 290423, 295375, 300513, 305381, 310435, 315430, 320467, 325501, 330406, 335431, 340567, 345474, 350467, 350514, 355357, 360524, 365524, 370424, 375381, 380373, 385610, 390255, 390318, 390380, 395383, 400462, 405430, 410358, 415485, 420548, 420619, 425718, 430499, 430564, 435314, 435364, 440575, 445451, 448841, 450247, 455559, 460516, 465677, 470433, 475393, 480410, 480466, 480509, 485407, 490247, 490295, 495395, 500338],
	kappa: 0.8196113622557535