NB + RDDM: 
	Classifier Error-rate: 15.59%,
	Classifier Average Memory Usage (bytes): 90852.75,
	Classifier Average Runtime (ms): 1806.12,
	Classifier Total Runtime (ms): 1139513.50,
	Detection Delay: 247.57 TP: 100 FP: 1 FN: 0,
	Average Detection Memory Usage (bytes): 32296.00,
	Average Detection Runtime (ms): 26.89,
	Total Detection Runtime (ms): 2737.46,
	Drift Points detected: [430, 5358, 10194, 15227, 20258, 25246, 30224, 35218, 40262, 45247, 50290, 55327, 60306, 65248, 70150, 75221, 80348, 85327, 90394, 95160, 100317, 105431, 110284, 115200, 120195, 125294, 130191, 135251, 140250, 145276, 150255, 155136, 160297, 165262, 170214, 175175, 180201, 185204, 190213, 195284, 200246, 205233, 210212, 215239, 220172, 225216, 230199, 235325, 240271, 245337, 250263, 255198, 260282, 265276, 270209, 275195, 280283, 285218, 290210, 295217, 300293, 305273, 310221, 315206, 320235, 325274, 330185, 335246, 340265, 345297, 350296, 355186, 360290, 365286, 370220, 375213, 380190, 385308, 390194, 395223, 400249, 405319, 410240, 415272, 420257, 425511, 430197, 435223, 440272, 445195, 450240, 455274, 460309, 465267, 470210, 475128, 480237, 485211, 490158, 495163, 500188],
	kappa: 0.8267446795908983