NB + ADWIN: 
	Classifier Error-rate: 21.57%,
	Classifier Average Memory Usage (bytes): 71151.39,
	Classifier Average Runtime (ms): 93.68,
	Classifier Total Runtime (ms): 14122.87,
	Detection Delay: 364.42 TP: 19 FP: 119 FN: 11,
	Average Detection Memory Usage (bytes): 3979.09,
	Average Detection Runtime (ms): 16.57,
	Total Detection Runtime (ms): 2506.61,
	Drift Points detected: [801, 1762, 3363, 3908, 4677, 4934, 5895, 7528, 8329, 8586, 9611, 10412, 11213, 12782, 13295, 13936, 14289, 14834, 15507, 17204, 17749, 18806, 19255, 20184, 21881, 22522, 23291, 23772, 25213, 26078, 28191, 29152, 29377, 30242, 30499, 32740, 33477, 34118, 35463, 36424, 37193, 37834, 38187, 38764, 39309, 41678, 42351, 43504, 44241, 44946, 45683, 47060, 47573, 47830, 52279, 52856, 53241, 53722, 54779, 56828, 57309, 58302, 58943, 59808, 60321, 60930, 61475, 62084, 62821, 63750, 64039, 64360, 65001, 65354, 66219, 70348, 75053, 76078, 76655, 77680, 78385, 78706, 79571, 81652, 82773, 84470, 85079, 85976, 86617, 98746, 99835, 102108, 102845, 103870, 104575, 105344, 106177, 106594, 107491, 108196, 109797, 110470, 111143, 112680, 113289, 114314, 114827, 115564, 116525, 117614, 118511, 119312, 122257, 122674, 123955, 125140, 125429, 125782, 126295, 126904, 127865, 130906, 131387, 131932, 132733, 133150, 133887, 134240, 134785, 136674, 137347, 138692, 139301, 141702, 142631, 143752, 144169, 144778, 145099, 145804, 146477, 146766, 147727, 148016, 149009],
	kappa: 0.5686449440417823