NB + EWMA: 
	Classifier Error-rate: 16.45%,
	Classifier Average Memory Usage (bytes): 31381.78,
	Classifier Average Runtime (ms): 11.78,
	Classifier Total Runtime (ms): 55040.02,
	Detection Delay: 23.76 TP: 174 FP: 494 FN: 26,
	Average Detection Memory Usage (bytes): 959.83,
	Average Detection Runtime (ms): 1.91,
	Total Detection Runtime (ms): 1294.08,
	Drift Points detected: [120, 290, 1008, 1626, 2040, 3011, 3887, 4085, 4227, 4403, 4903, 6092, 6539, 6907, 8172, 8588, 9016, 9784, 10123, 10842, 11059, 11994, 12647, 13008, 13669, 13815, 15006, 15540, 16194, 16735, 17085, 18084, 18126, 19047, 19499, 19807, 20067, 21014, 21677, 21838, 22379, 23017, 23840, 24287, 24362, 25020, 25188, 26015, 26162, 26940, 27642, 28022, 29015, 30013, 30645, 31100, 31739, 32127, 32403, 32893, 34236, 35024, 35763, 35948, 36661, 37008, 37132, 38024, 38276, 38670, 39016, 40071, 40348, 41021, 41303, 41650, 42133, 42865, 42974, 43881, 44558, 45041, 45410, 46044, 46737, 47008, 47533, 47975, 48593, 48847, 49015, 49822, 51131, 52056, 52292, 52443, 53009, 53583, 53833, 54410, 55011, 56009, 57009, 58037, 59008, 59882, 60746, 61047, 61339, 61790, 62563, 62654, 63055, 63787, 64126, 65008, 65190, 66514, 66879, 67236, 68148, 69010, 69623, 70115, 70309, 70459, 71006, 71610, 72638, 72899, 73941, 74607, 75015, 75939, 76561, 77018, 77150, 77682, 78185, 78850, 79159, 79555, 80087, 80185, 80439, 80930, 81032, 81725, 82825, 83077, 84226, 84823, 85011, 85579, 86079, 87031, 88025, 88335, 89024, 90075, 90633, 92249, 93010, 93741, 94223, 94974, 95478, 95936, 96742, 97046, 98043, 99016, 100010, 101014, 101702, 101918, 102311, 103011, 104158, 104282, 105029, 105713, 106025, 106214, 106964, 108191, 109012, 109601, 109928, 110156, 110740, 111017, 112062, 113008, 113063, 113942, 115017, 115267, 115956, 116670, 117011, 117050, 118075, 119007, 119617, 121057, 121921, 122038, 123007, 123885, 123972, 125030, 125398, 125722, 126283, 126458, 126852, 128096, 128584, 128705, 129020, 130291, 130369, 131023, 131227, 132014, 132236, 132752, 132970, 133602, 134126, 134647, 135013, 136021, 137012, 137445, 137928, 139011, 139256, 139366, 139576, 141032, 142031, 142676, 143032, 143885, 144796, 145018, 145268, 146130, 146455, 146527, 146942, 148012, 148109, 149006, 149418, 149968, 151012, 152074, 152774, 153008, 153386, 153948, 154215, 154367, 154459, 154590, 155008, 156104, 156775, 157018, 157823, 157888, 158130, 159015, 160014, 161018, 161500, 162360, 163024, 163526, 163800, 164383, 165022, 165752, 166057, 167008, 167602, 167838, 168326, 168575, 169020, 170139, 171012, 171603, 172019, 172412, 172651, 173017, 173307, 173806, 174808, 175008, 175449, 176155, 176789, 177025, 177245, 177477, 177887, 179031, 180015, 180312, 180674, 181007, 181474, 182011, 182807, 183018, 183669, 184168, 184580, 185012, 186327, 187004, 188099, 188689, 188936, 189266, 190014, 190292, 191008, 191466, 192012, 193023, 193580, 194081, 194498, 195021, 195584, 196036, 196531, 197063, 197726, 198009, 198390, 199008, 200075, 201008, 202040, 202283, 203010, 203513, 205134, 205425, 206050, 206563, 207010, 207381, 207801, 208593, 209017, 210031, 210687, 211012, 211964, 212984, 213470, 214022, 214636, 215025, 215400, 216289, 217029, 218007, 218117, 218407, 218927, 220060, 220607, 221026, 222051, 222488, 222702, 223039, 223301, 223450, 224064, 225023, 225958, 226619, 226877, 227589, 228027, 229041, 229221, 230058, 230254, 230460, 231036, 232043, 232089, 232505, 232917, 233025, 234037, 235021, 235741, 236144, 237007, 237542, 238014, 238628, 239018, 240025, 241031, 241719, 242033, 242619, 243011, 244148, 244839, 246030, 246402, 247011, 247335, 248031, 249010, 249959, 251041, 251382, 252018, 252383, 253006, 253741, 254112, 254396, 255017, 255700, 256374, 256510, 257007, 257193, 257959, 258550, 258846, 259059, 259661, 260194, 261012, 262115, 263004, 264000, 265003, 265388, 265581, 266006, 266839, 267025, 267753, 269172, 269459, 270018, 271008, 271783, 273097, 273800, 274007, 274882, 275020, 276169, 276348, 277009, 277516, 277791, 278332, 278520, 279010, 280006, 281016, 282024, 283016, 284151, 284346, 284915, 285950, 286167, 286789, 287032, 287272, 287640, 288985, 290054, 290248, 291003, 291280, 291960, 293027, 293143, 293920, 295012, 295811, 296049, 296769, 297011, 297944, 298424, 299011, 300187, 300805, 301020, 302054, 303014, 303994, 304156, 304588, 305019, 306065, 306523, 307032, 308276, 309023, 309241, 309653, 310183, 310881, 311006, 311435, 312124, 312892, 313459, 314095, 314210, 315009, 316110, 316996, 317440, 317889, 319275, 320070, 320236, 321006, 321427, 322206, 322448, 322788, 323013, 324045, 325011, 325545, 326056, 326348, 326895, 327026, 327824, 328569, 329014, 329491, 330023, 330620, 330975, 331283, 331794, 331986, 332409, 333017, 333938, 335029, 336016, 336199, 336674, 337032, 337244, 337677, 338427, 339002, 339525, 341021, 341508, 343080, 343612, 344444, 345008, 345221, 346114, 346491, 347008, 347982, 349010, 350068, 350692, 351012, 351638, 352364, 353026, 354008, 354113, 354585, 354882, 355010, 356038, 356753, 357050, 357847, 358774, 358857, 359068, 360143, 361014, 361388, 361826, 362598, 363020, 364071, 365009, 365409, 366198, 367016, 367449, 367785, 368653, 368936, 370086, 370359, 370628, 371010, 371139, 372079, 372617, 373022, 374188, 375008, 375360, 375629, 376249, 377007, 377344, 378029, 379020, 379439, 379752, 380012, 381033, 381995, 383017, 383414, 384109, 384917, 385046, 385190, 385817, 386318, 386571, 387007, 388077, 388784, 389027, 389826, 390012, 390208, 391039, 391723, 392049, 392926, 393306, 394090, 394503, 394858, 395021, 395523, 396052, 396263, 397009, 397273, 398172, 399013, 399749],
	kappa: 0.6710937780787037