NB + EDDM: 
	Classifier Error-rate: 16.75%,
	Classifier Average Memory Usage (bytes): 31407.05,
	Classifier Average Runtime (ms): 27.06,
	Classifier Total Runtime (ms): 37682.58,
	Detection Delay: 61.58 TP: 53 FP: 113 FN: 147,
	Average Detection Memory Usage (bytes): 1432.00,
	Average Detection Runtime (ms): 0.84,
	Total Detection Runtime (ms): 456.82,
	Drift Points detected: [211, 1066, 2175, 3096, 4058, 5046, 6519, 6951, 7095, 7249, 8331, 9037, 10273, 10643, 10844, 11027, 12352, 13083, 14340, 14533, 15044, 16210, 16383, 17046, 17154, 17512, 18077, 18408, 18522, 19093, 20101, 21061, 22433, 23049, 24123, 24289, 24563, 25039, 26283, 27038, 27159, 30852, 31111, 31206, 32308, 32425, 32609, 32966, 33207, 33329, 34202, 35060, 36290, 37103, 38221, 39070, 40104, 40345, 40505, 41042, 42345, 42815, 42974, 44362, 44576, 45052, 45861, 47326, 48108, 48296, 48592, 48762, 48903, 49015, 50191, 51113, 52416, 53057, 54038, 54813, 55030, 56173, 56321, 56601, 57069, 58036, 58222, 58434, 59028, 60023, 60599, 61052, 61588, 61883, 63241, 64188, 65070, 66405, 67024, 68031, 69082, 70409, 70630, 70819, 71027, 72132, 73019, 74159, 75095, 76245, 77088, 78244, 78864, 78992, 79124, 80087, 80276, 81061, 82817, 82998, 84347, 85061, 86251, 87084, 87278, 88139, 88365, 88542, 89055, 89461, 90409, 91068, 92539, 93021, 94194, 94407, 95026, 96470, 97067, 98251, 98679, 99030, 99208, 100166, 101054, 102345, 103049, 104355, 105086, 106143, 107062, 108054, 109071, 110434, 110671, 110953, 112256, 113090, 114513, 115112, 115283, 116263, 117086, 118191, 118329, 119030, 119250, 119616],
	kappa: 0.6650521022586116