NB + ADWIN: 
	Classifier Error-rate: 19.42%,
	Classifier Average Memory Usage (bytes): 38779.71,
	Classifier Average Runtime (ms): 50.21,
	Classifier Total Runtime (ms): 5626.04,
	Detection Delay: 185.93 TP: 30 FP: 51 FN: 0,
	Average Detection Memory Usage (bytes): 6790.21,
	Average Detection Runtime (ms): 28.71,
	Total Detection Runtime (ms): 3216.47,
	Drift Points detected: [993, 2466, 2915, 5188, 5573, 7238, 7623, 8808, 9673, 10282, 10571, 11020, 11757, 15150, 15759, 16144, 20177, 20658, 21651, 22484, 23509, 24374, 25207, 25688, 27257, 29402, 29723, 30268, 30621, 35102, 35711, 37312, 39297, 40226, 40579, 43620, 44293, 45222, 45575, 46728, 48361, 50186, 50699, 53132, 53933, 55182, 55631, 56816, 57905, 60146, 60723, 61236, 64885, 65302, 65719, 66616, 68569, 70170, 70619, 72892, 75165, 75614, 76703, 80192, 80737, 82018, 83779, 85188, 85605, 90150, 90631, 93576, 95145, 95594, 96587, 100140, 100653, 101550, 104495, 105264, 105617, 106386, 108147, 110196, 110677, 115190, 115639, 117688, 118521, 120186, 120571, 123068, 125149, 125662, 130143, 130304, 130721, 132322, 134019, 135204, 135813, 137830, 139111, 140232, 140553, 141130, 141547, 145036, 145741, 150190, 150863, 154864],
	kappa: 0.6115802064576497