NB + ADWIN: 
	Classifier Error-rate: 21.12%,
	Classifier Average Memory Usage (bytes): 71153.90,
	Classifier Average Runtime (ms): 107.19,
	Classifier Total Runtime (ms): 15532.74,
	Detection Delay: 439.50 TP: 20 FP: 114 FN: 10,
	Average Detection Memory Usage (bytes): 4003.63,
	Average Detection Runtime (ms): 17.67,
	Total Detection Runtime (ms): 2572.18,
	Drift Points detected: [385, 802, 1763, 2084, 2725, 3910, 4839, 5864, 7529, 8650, 9643, 10124, 10445, 10862, 11215, 11504, 12241, 12658, 13587, 14292, 14773, 15222, 16183, 17272, 17817, 18682, 18939, 19580, 20541, 21246, 21695, 22112, 22881, 23266, 23747, 25124, 25541, 26374, 27687, 27976, 28425, 29290, 32811, 33420, 35981, 37006, 37903, 38736, 42641, 43346, 43955, 45140, 47701, 48086, 48663, 51928, 52409, 54842, 55579, 56156, 56797, 57534, 58047, 58592, 59905, 60546, 60899, 61412, 62213, 62758, 63591, 64040, 64265, 64650, 65259, 66380, 70317, 72846, 74543, 75088, 76273, 76498, 78035, 78964, 79445, 80758, 81271, 81720, 82105, 82746, 85083, 86620, 98749, 99870, 101311, 101984, 102817, 104066, 104547, 105732, 107013, 107334, 108359, 109704, 110729, 111306, 112331, 113292, 114317, 114862, 115855, 116528, 117649, 118322, 119315, 122292, 124565, 125494, 126391, 126968, 127449, 127802, 132603, 135228, 136253, 137086, 137375, 138624, 139617, 141922, 142659, 143332, 144357, 145126, 145799, 146408, 147017, 148554, 149067],
	kappa: 0.5776903106276549