NB + ADWIN: 
	Classifier Error-rate: 30.42%,
	Classifier Average Memory Usage (bytes): 159099.74,
	Classifier Average Runtime (ms): 107.15,
	Classifier Total Runtime (ms): 75725.25,
	Detection Delay: 446.60 TP: 30 FP: 614 FN: 0,
	Average Detection Memory Usage (bytes): 5999.27,
	Average Detection Runtime (ms): 5.78,
	Total Detection Runtime (ms): 4081.93,
	Drift Points detected: [193, 354, 515, 644, 773, 966, 1159, 1320, 1641, 1770, 1963, 2220, 2445, 2638, 2895, 3056, 3313, 3506, 3699, 3892, 4085, 4182, 4439, 4728, 5017, 5178, 5659, 5884, 6013, 6270, 6527, 6752, 6913, 7042, 7235, 7396, 7589, 7814, 8039, 8168, 8361, 8682, 8907, 9068, 9389, 9614, 9871, 10032, 10257, 10482, 10643, 10932, 11221, 11638, 11863, 12088, 12249, 12410, 12731, 13020, 13277, 13502, 13663, 13856, 14049, 14306, 14531, 14724, 15941, 16166, 16327, 16584, 16713, 16906, 17099, 17292, 17453, 17774, 18063, 18256, 18385, 18642, 18803, 18932, 19093, 19318, 19511, 19800, 20089, 20474, 20635, 20892, 21181, 21470, 21599, 21792, 21985, 22114, 22371, 22532, 22693, 22854, 23079, 23240, 23369, 23562, 23723, 24140, 24301, 24526, 24655, 24816, 24945, 25810, 26003, 26132, 26293, 26486, 26647, 26936, 27097, 27290, 27483, 27804, 28157, 28318, 28447, 28672, 28897, 29218, 29379, 29636, 29893, 30054, 30247, 30440, 30665, 30890, 31051, 31180, 31469, 31694, 31887, 32048, 32241, 32530, 32691, 32916, 33141, 33366, 33591, 33752, 33977, 34138, 34427, 34684, 34909, 35742, 35967, 36160, 36353, 36642, 36835, 37028, 37221, 37414, 37575, 37832, 38089, 38218, 38475, 38700, 38797, 39022, 39311, 39472, 39633, 39954, 40179, 40404, 40597, 40694, 41143, 41464, 41721, 41882, 42171, 42268, 42429, 42622, 42751, 43200, 43361, 43554, 43747, 43908, 44037, 44198, 44391, 44744, 44905, 45130, 45323, 45612, 45773, 46030, 46191, 46352, 46545, 46770, 46931, 47092, 47221, 47478, 47831, 48056, 48249, 48378, 48699, 49020, 49181, 49342, 49631, 49920, 50817, 51074, 51235, 51492, 51653, 51846, 52231, 52360, 52489, 52746, 52971, 53228, 53421, 53806, 54031, 54160, 54385, 54578, 54899, 55252, 55445, 55606, 55799, 55992, 56217, 56570, 56763, 57020, 57181, 57374, 57599, 57760, 58049, 58242, 58467, 58660, 58917, 59142, 59463, 59656, 59913, 60842, 60971, 61164, 61421, 61582, 61775, 62032, 62257, 62386, 62643, 62900, 63061, 63222, 63383, 63672, 63833, 64058, 64219, 64380, 64605, 64830, 64991, 65696, 65857, 66082, 66499, 66660, 66917, 67110, 67303, 67496, 67753, 68042, 68267, 68556, 68749, 68910, 69135, 69360, 69585, 69842, 70931, 71156, 71381, 71606, 71799, 71960, 72121, 72346, 72507, 72700, 72861, 73182, 73343, 73568, 73793, 73986, 74243, 74436, 74597, 74790, 74983, 75368, 75497, 75690, 75915, 76140, 76333, 76494, 76719, 76912, 77233, 77426, 77683, 77876, 78069, 78390, 78647, 78776, 78969, 79194, 79515, 79708, 79901, 80094, 80351, 80608, 80769, 81090, 81283, 81476, 81733, 81958, 82183, 82344, 82505, 82858, 83083, 83244, 83405, 83566, 83791, 83920, 84145, 84370, 84531, 84916, 85685, 85846, 86295, 86520, 86745, 86906, 87131, 87388, 87613, 87870, 88063, 88320, 88513, 88674, 88867, 88996, 89221, 89446, 89607, 89768, 89993, 90570, 90795, 90956, 91277, 91534, 91727, 92080, 92273, 92498, 92787, 92948, 93141, 93270, 93495, 93688, 93817, 94106, 94491, 94652, 94877, 95070, 95327, 95552, 95777, 95970, 96195, 96356, 96517, 96742, 96967, 97096, 97257, 97482, 97611, 97708, 97901, 98126, 98287, 98544, 98737, 98930, 99219, 99380, 99701, 99958, 100791, 101016, 101209, 101370, 101563, 101692, 101949, 102142, 102399, 102560, 102817, 102978, 103203, 103396, 103589, 103718, 103943, 104232, 104425, 104682, 104875, 105036, 105357, 105582, 105935, 106096, 106353, 106546, 106771, 106964, 107189, 107446, 107607, 107832, 107993, 108154, 108283, 108444, 108637, 108958, 109247, 109472, 109633, 109826, 110851, 111044, 111205, 111398, 111591, 111752, 112009, 112170, 112331, 112524, 112717, 112878, 113039, 113232, 113361, 113490, 113651, 113844, 114165, 114390, 114583, 114712, 115001, 115194, 115451, 115676, 115901, 116094, 116319, 116416, 116641, 116802, 117091, 117252, 117413, 117574, 117703, 117928, 118153, 118314, 118475, 118636, 118861, 119150, 119407, 119568, 119825, 120050, 120403, 120564, 120789, 120950, 121175, 121400, 121721, 121882, 122171, 122364, 122621, 122750, 123007, 123104, 123361, 123618, 123715, 124004, 124229, 124422, 124583, 124808, 125001, 125258, 125387, 125612, 125773, 125998, 126159, 126384, 126737, 127122, 127443, 127604, 127765, 127958, 128215, 128344, 128697, 128986, 129179, 129308, 129469, 129758, 129919, 130784, 131009, 131138, 131395, 131524, 131653, 131814, 131975, 132232, 132489, 132778, 133003, 133164, 133421, 133582, 133743, 133904, 134097, 134258, 134451, 134708, 134965, 135414, 135607, 135832, 135993, 136218, 136379, 136668, 136893, 137086, 137279, 137568, 137761, 137922, 138147, 138340, 138597, 138758, 138951, 139176, 139497, 139850, 140843, 141036, 141261, 141518, 141711, 141872, 142033, 142450, 142611, 142804, 142965, 143190, 143351, 143512, 143833, 144090, 144251, 144508, 144637, 144894, 145599, 145792, 145921, 146082, 146499, 146692, 146917, 147078, 147271, 147432, 147593, 147690, 147947, 148236, 148493, 148782, 148943, 149136, 149265, 149490, 149747, 149908, 150709, 150870, 151127, 151448, 151673, 151834, 151995, 152188, 152445, 152638, 152799, 152992, 153153, 153538, 153667, 153892, 154085, 154182, 154407, 154728, 154953, 155210, 155371, 155564, 155789, 156046, 156239, 156592, 156753, 156978, 157139, 157364, 157589, 157750, 157975, 158200, 158425, 158554, 158683, 158844, 159037, 159198, 159423, 159552, 159809, 159906],
	kappa: 0.6619848920120908