NB + EWMA: 
	Classifier Error-rate: 14.60%,
	Classifier Average Memory Usage (bytes): 160333.68,
	Classifier Average Runtime (ms): 350.55,
	Classifier Total Runtime (ms): 37672.83,
	Detection Delay: 129.47 TP: 30 FP: 74 FN: 0,
	Average Detection Memory Usage (bytes): 976.00,
	Average Detection Runtime (ms): 9.66,
	Total Detection Runtime (ms): 1038.61,
	Drift Points detected: [1243, 2064, 3591, 4431, 5334, 7286, 8253, 9000, 9499, 10132, 11559, 12019, 14522, 15037, 17534, 19272, 20142, 21848, 25156, 27730, 29070, 30076, 34566, 35308, 36635, 37499, 39094, 39373, 40197, 42092, 43155, 43805, 45021, 45481, 48706, 50014, 52138, 54488, 55085, 58358, 60139, 61297, 62742, 63399, 63976, 65114, 67753, 69302, 70072, 73683, 74447, 75135, 78014, 80046, 81623, 82783, 85119, 87243, 88206, 89052, 90124, 94072, 95107, 98012, 99227, 100038, 100330, 102334, 103454, 104581, 105302, 107025, 108020, 110049, 110423, 111495, 112575, 114338, 115073, 116884, 117809, 119110, 120300, 121256, 122861, 123842, 125217, 128236, 130122, 132384, 133213, 135087, 138922, 139647, 140258, 141989, 143439, 145019, 147633, 149166, 150061, 152516, 153549, 154573, 155114, 157425, 159284],
	kappa: 0.8377633438892053