NB + SeqDrift2: 
	Classifier Error-rate: 22.03%,
	Classifier Average Memory Usage (bytes): 159452.30,
	Classifier Average Runtime (ms): 101.64,
	Classifier Total Runtime (ms): 36385.44,
	Detection Delay: 426.12 TP: 26 FP: 297 FN: 4,
	Average Detection Memory Usage (bytes): 10408.00,
	Average Detection Runtime (ms): 2.60,
	Total Detection Runtime (ms): 930.40,
	Drift Points detected: [401, 802, 1203, 1604, 2005, 2406, 2807, 3208, 3609, 4010, 4411, 4812, 7013, 7414, 7815, 8216, 8617, 9018, 9419, 9820, 10221, 10622, 11023, 11424, 11825, 12226, 12627, 13028, 13429, 13830, 14231, 14632, 15033, 15434, 15835, 16236, 16637, 17038, 17439, 17840, 18241, 18642, 19043, 19444, 19845, 21046, 21447, 21848, 22249, 22650, 23051, 23452, 23853, 24254, 24655, 25056, 25657, 26058, 26459, 26860, 27261, 27662, 28063, 28464, 28865, 29266, 29667, 30068, 30469, 30870, 31271, 31672, 32073, 35274, 35675, 36076, 36477, 36878, 37279, 37680, 38081, 38482, 38883, 39284, 39685, 40086, 40487, 40888, 41289, 41690, 42091, 42492, 42893, 43294, 43695, 44096, 44497, 44898, 45299, 45700, 46101, 46702, 47103, 47504, 47905, 48306, 48707, 49108, 49509, 49910, 50911, 51312, 51713, 52114, 52515, 52916, 53317, 53718, 54119, 54520, 54921, 55722, 56123, 56524, 56925, 57326, 57727, 58128, 58529, 58930, 59331, 59732, 60133, 60534, 60935, 61336, 61737, 62138, 62539, 62940, 63341, 63742, 64143, 64544, 64945, 65746, 66147, 66548, 66949, 67350, 67751, 68152, 68553, 68954, 69355, 69756, 70357, 70758, 71159, 71560, 71961, 72362, 72763, 75364, 75765, 76166, 76567, 76968, 77369, 77770, 78171, 78572, 78973, 79374, 79775, 80176, 80577, 80978, 81379, 81780, 82181, 82582, 82983, 83384, 83785, 84186, 84587, 84988, 85589, 85990, 86391, 86792, 87193, 87594, 87995, 88396, 88797, 89398, 89799, 90800, 91201, 91602, 92003, 92404, 92805, 93206, 93607, 94008, 94409, 94810, 96211, 96612, 97013, 97414, 97815, 98216, 98617, 99018, 99419, 99820, 101021, 101422, 101823, 102224, 102625, 103026, 103427, 103828, 104229, 104630, 105031, 105432, 105833, 106234, 106635, 107036, 107437, 107838, 108239, 108640, 109041, 109442, 109843, 110844, 111245, 111646, 112047, 112448, 112849, 113250, 113651, 114052, 114453, 114854, 115655, 116056, 116457, 116858, 117259, 117660, 118061, 118462, 118863, 119264, 119665, 120066, 120467, 120868, 121269, 121670, 122071, 122472, 122873, 123274, 123675, 124076, 124477, 124878, 125279, 125680, 126081, 126482, 126883, 127284, 127685, 128086, 128487, 128888, 129289, 129690, 130091, 130692, 131093, 131494, 131895, 132296, 132697, 133098, 133499, 133900, 134301, 134702, 135903, 136304, 136705, 137106, 137507, 137908, 138309, 138710, 139111, 139512, 139913, 140714, 141115, 141516, 141917, 142318, 142719, 143120, 143521, 143922, 144323, 144724, 145925, 146326, 146727, 147128, 147529, 147930, 148331, 148732, 149133, 149534, 149935, 150736, 151137, 151538, 151939, 152340, 152741, 153142, 153543, 153944, 154345, 154746],
	kappa: 0.7551867817537197