NB + EWMA: 
	Classifier Error-rate: 16.45%,
	Classifier Average Memory Usage (bytes): 32037.81,
	Classifier Average Runtime (ms): 23.23,
	Classifier Total Runtime (ms): 4767.85,
	Detection Delay: 221.97 TP: 30 FP: 151 FN: 0,
	Average Detection Memory Usage (bytes): 975.84,
	Average Detection Runtime (ms): 5.06,
	Total Detection Runtime (ms): 1037.20,
	Drift Points detected: [1243, 1825, 2769, 3591, 4192, 4583, 5412, 5473, 6116, 7115, 7633, 8053, 8518, 8951, 9497, 10141, 11466, 12019, 12609, 14348, 14911, 15585, 16607, 17534, 18111, 19272, 19731, 20169, 21921, 22377, 24872, 25944, 26893, 27013, 27730, 28503, 29070, 29560, 30155, 30637, 31328, 31596, 31924, 32709, 33388, 34177, 34339, 34709, 35336, 35393, 36114, 36250, 37056, 37499, 39369, 39424, 40101, 40410, 41655, 42093, 42959, 43635, 44201, 45157, 45440, 45710, 46738, 47692, 48572, 49972, 50536, 51185, 51396, 51697, 52138, 52455, 53316, 54417, 55144, 58236, 59223, 60115, 60249, 61754, 62747, 63170, 63399, 63976, 65117, 67461, 68749, 68955, 69303, 70259, 70442, 70771, 72993, 74214, 74452, 74910, 75135, 77815, 79860, 80021, 80154, 80890, 82278, 83120, 83202, 83939, 84351, 85120, 85332, 85694, 87243, 88206, 89052, 90052, 90725, 91152, 92194, 93937, 94073, 94468, 95056, 95380, 95834, 96642, 98012, 99004, 99532, 100041, 101249, 103795, 104581, 105165, 105592, 105885, 106527, 107025, 108020, 108590, 110225, 110480, 111215, 111915, 112517, 112740, 113551, 115100, 116885, 117766, 119110, 119384, 120157, 120676, 121255, 121973, 122806, 123315, 123842, 124511, 125223, 126609, 127725, 128236, 129995, 130551, 132042, 132385, 133201, 134959, 135352, 136086, 137667, 138269, 139646, 140018, 140339, 140830, 140972, 141139, 141793, 142260, 142485, 143192, 144314, 145175, 146329, 146713, 147633, 148539, 148631, 150097, 150228, 151350, 151691, 152516, 152816, 152901, 153761, 153962, 154323, 154627, 154885],
	kappa: 0.6709156618933154